Image IRM - (285 250 - 310 275) : 1 - (100 100 - 125 125) : 0 - (215 285 - 230 305) : 0 - (245 200 - 255 230) : 0 - (300 110 - 325 135) : 2
3
3
0.707031 0.707031 0.707031 1
0.707031 0.707031 0.707031 1
0.703125 0.703125 0.703125 1
0.699219 0.699219 0.699219 1
0.695313 0.695313 0.695313 1
0.691406 0.691406 0.691406 1
0.683594 0.683594 0.683594 1
0.683594 0.683594 0.683594 1
0.6875 0.6875 0.6875 1
0.6875 0.6875 0.6875 1
0.683594 0.683594 0.683594 1
0.675781 0.675781 0.675781 1
0.664063 0.664063 0.664063 1
0.660156 0.660156 0.660156 1
0.65625 0.65625 0.65625 1
0.648438 0.648438 0.648438 1
0.648438 0.648438 0.648438 1
0.648438 0.648438 0.648438 1
0.65625 0.65625 0.65625 1
0.664063 0.664063 0.664063 1
0.671875 0.671875 0.671875 1
0.675781 0.675781 0.675781 1
0.667969 0.667969 0.667969 1
0.648438 0.648438 0.648438 1
0.625 0.625 0.625 1
0.597656 0.597656 0.597656 1
0.707031 0.707031 0.707031 1
0.703125 0.703125 0.703125 1
0.703125 0.703125 0.703125 1
0.707031 0.707031 0.707031 1
0.707031 0.707031 0.707031 1
0.699219 0.699219 0.699219 1
0.691406 0.691406 0.691406 1
0.6875 0.6875 0.6875 1
0.683594 0.683594 0.683594 1
0.683594 0.683594 0.683594 1
0.679688 0.679688 0.679688 1
0.671875 0.671875 0.671875 1
0.664063 0.664063 0.664063 1
0.660156 0.660156 0.660156 1
0.65625 0.65625 0.65625 1
0.65625 0.65625 0.65625 1
0.65625 0.65625 0.65625 1
0.65625 0.65625 0.65625 1
0.664063 0.664063 0.664063 1
0.671875 0.671875 0.671875 1
0.679688 0.679688 0.679688 1
0.679688 0.679688 0.679688 1
0.675781 0.675781 0.675781 1
0.664063 0.664063 0.664063 1
0.644531 0.644531 0.644531 1
0.621094 0.621094 0.621094 1
0.707031 0.707031 0.707031 1
0.703125 0.703125 0.703125 1
0.699219 0.699219 0.699219 1
0.703125 0.703125 0.703125 1
0.703125 0.703125 0.703125 1
0.699219 0.699219 0.699219 1
0.691406 0.691406 0.691406 1
0.683594 0.683594 0.683594 1
0.675781 0.675781 0.675781 1
0.675781 0.675781 0.675781 1
0.675781 0.675781 0.675781 1
0.671875 0.671875 0.671875 1
0.664063 0.664063 0.664063 1
0.660156 0.660156 0.660156 1
0.660156 0.660156 0.660156 1
0.660156 0.660156 0.660156 1
0.660156 0.660156 0.660156 1
0.667969 0.667969 0.667969 1
0.671875 0.671875 0.671875 1
0.679688 0.679688 0.679688 1
0.683594 0.683594 0.683594 1
0.679688 0.679688 0.679688 1
0.675781 0.675781 0.675781 1
0.667969 0.667969 0.667969 1
0.660156 0.660156 0.660156 1
0.644531 0.644531 0.644531 1
0.707031 0.707031 0.707031 1
0.699219 0.699219 0.699219 1
0.699219 0.699219 0.699219 1
0.699219 0.699219 0.699219 1
0.699219 0.699219 0.699219 1
0.695313 0.695313 0.695313 1
0.691406 0.691406 0.691406 1
0.679688 0.679688 0.679688 1
0.675781 0.675781 0.675781 1
0.679688 0.679688 0.679688 1
0.679688 0.679688 0.679688 1
0.679688 0.679688 0.679688 1
0.675781 0.675781 0.675781 1
0.671875 0.671875 0.671875 1
0.671875 0.671875 0.671875 1
0.671875 0.671875 0.671875 1
0.675781 0.675781 0.675781 1
0.679688 0.679688 0.679688 1
0.683594 0.683594 0.683594 1
0.6875 0.6875 0.6875 1
0.6875 0.6875 0.6875 1
0.679688 0.679688 0.679688 1
0.675781 0.675781 0.675781 1
0.671875 0.671875 0.671875 1
0.664063 0.664063 0.664063 1
0.660156 0.660156 0.660156 1
0.703125 0.703125 0.703125 1
0.703125 0.703125 0.703125 1
0.703125 0.703125 0.703125 1
0.703125 0.703125 0.703125 1
0.703125 0.703125 0.703125 1
0.699219 0.699219 0.699219 1
0.691406 0.691406 0.691406 1
0.6875 0.6875 0.6875 1
0.683594 0.683594 0.683594 1
0.6875 0.6875 0.6875 1
0.691406 0.691406 0.691406 1
0.691406 0.691406 0.691406 1
0.691406 0.691406 0.691406 1
0.6875 0.6875 0.6875 1
0.683594 0.683594 0.683594 1
0.6875 0.6875 0.6875 1
0.691406 0.691406 0.691406 1
0.695313 0.695313 0.695313 1
0.699219 0.699219 0.699219 1
0.699219 0.699219 0.699219 1
0.691406 0.691406 0.691406 1
0.6875 0.6875 0.6875 1
0.679688 0.679688 0.679688 1
0.675781 0.675781 0.675781 1
0.675781 0.675781 0.675781 1
0.671875 0.671875 0.671875 1
0.703125 0.703125 0.703125 1
0.707031 0.707031 0.707031 1
0.707031 0.707031 0.707031 1
0.707031 0.707031 0.707031 1
0.707031 0.707031 0.707031 1
0.703125 0.703125 0.703125 1
0.699219 0.699219 0.699219 1
0.695313 0.695313 0.695313 1
0.691406 0.691406 0.691406 1
0.691406 0.691406 0.691406 1
0.695313 0.695313 0.695313 1
0.699219 0.699219 0.699219 1
0.699219 0.699219 0.699219 1
0.695313 0.695313 0.695313 1
0.695313 0.695313 0.695313 1
0.699219 0.699219 0.699219 1
0.703125 0.703125 0.703125 1
0.707031 0.707031 0.707031 1
0.707031 0.707031 0.707031 1
0.707031 0.707031 0.707031 1
0.699219 0.699219 0.699219 1
0.691406 0.691406 0.691406 1
0.683594 0.683594 0.683594 1
0.683594 0.683594 0.683594 1
0.683594 0.683594 0.683594 1
0.6875 0.6875 0.6875 1
0.707031 0.707031 0.707031 1
0.707031 0.707031 0.707031 1
0.707031 0.707031 0.707031 1
0.707031 0.707031 0.707031 1
0.707031 0.707031 0.707031 1
0.707031 0.707031 0.707031 1
0.707031 0.707031 0.707031 1
0.703125 0.703125 0.703125 1
0.695313 0.695313 0.695313 1
0.695313 0.695313 0.695313 1
0.695313 0.695313 0.695313 1
0.695313 0.695313 0.695313 1
0.695313 0.695313 0.695313 1
0.695313 0.695313 0.695313 1
0.699219 0.699219 0.699219 1
0.703125 0.703125 0.703125 1
0.707031 0.707031 0.707031 1
0.707031 0.707031 0.707031 1
0.710938 0.710938 0.710938 1
0.710938 0.710938 0.710938 1
0.707031 0.707031 0.707031 1
0.695313 0.695313 0.695313 1
0.691406 0.691406 0.691406 1
0.6875 0.6875 0.6875 1
0.691406 0.691406 0.691406 1
0.699219 0.699219 0.699219 1
0.714844 0.714844 0.714844 1
0.710938 0.710938 0.710938 1
0.707031 0.707031 0.707031 1
0.707031 0.707031 0.707031 1
0.707031 0.707031 0.707031 1
0.707031 0.707031 0.707031 1
0.707031 0.707031 0.707031 1
0.707031 0.707031 0.707031 1
0.703125 0.703125 0.703125 1
0.695313 0.695313 0.695313 1
0.691406 0.691406 0.691406 1
0.691406 0.691406 0.691406 1
0.691406 0.691406 0.691406 1
0.691406 0.691406 0.691406 1
0.699219 0.699219 0.699219 1
0.703125 0.703125 0.703125 1
0.707031 0.707031 0.707031 1
0.707031 0.707031 0.707031 1
0.707031 0.707031 0.707031 1
0.710938 0.710938 0.710938 1
0.707031 0.707031 0.707031 1
0.703125 0.703125 0.703125 1
0.695313 0.695313 0.695313 1
0.695313 0.695313 0.695313 1
0.699219 0.699219 0.699219 1
0.707031 0.707031 0.707031 1
0.71875 0.71875 0.71875 1
0.710938 0.710938 0.710938 1
0.707031 0.707031 0.707031 1
0.707031 0.707031 0.707031 1
0.710938 0.710938 0.710938 1
0.710938 0.710938 0.710938 1
0.710938 0.710938 0.710938 1
0.707031 0.707031 0.707031 1
0.703125 0.703125 0.703125 1
0.695313 0.695313 0.695313 1
0.691406 0.691406 0.691406 1
0.691406 0.691406 0.691406 1
0.691406 0.691406 0.691406 1
0.691406 0.691406 0.691406 1
0.699219 0.699219 0.699219 1
0.703125 0.703125 0.703125 1
0.707031 0.707031 0.707031 1
0.707031 0.707031 0.707031 1
0.707031 0.707031 0.707031 1
0.707031 0.707031 0.707031 1
0.707031 0.707031 0.707031 1
0.707031 0.707031 0.707031 1
0.707031 0.707031 0.707031 1
0.703125 0.703125 0.703125 1
0.703125 0.703125 0.703125 1
0.707031 0.707031 0.707031 1
0.730469 0.730469 0.730469 1
0.722656 0.722656 0.722656 1
0.714844 0.714844 0.714844 1
0.714844 0.714844 0.714844 1
0.714844 0.714844 0.714844 1
0.714844 0.714844 0.714844 1
0.710938 0.710938 0.710938 1
0.707031 0.707031 0.707031 1
0.703125 0.703125 0.703125 1
0.699219 0.699219 0.699219 1
0.695313 0.695313 0.695313 1
0.691406 0.691406 0.691406 1
0.691406 0.691406 0.691406 1
0.695313 0.695313 0.695313 1
0.703125 0.703125 0.703125 1
0.707031 0.707031 0.707031 1
0.707031 0.707031 0.707031 1
0.707031 0.707031 0.707031 1
0.703125 0.703125 0.703125 1
0.703125 0.703125 0.703125 1
0.707031 0.707031 0.707031 1
0.710938 0.710938 0.710938 1
0.714844 0.714844 0.714844 1
0.710938 0.710938 0.710938 1
0.707031 0.707031 0.707031 1
0.703125 0.703125 0.703125 1
0.746094 0.746094 0.746094 1
0.738281 0.738281 0.738281 1
0.730469 0.730469 0.730469 1
0.71875 0.71875 0.71875 1
0.714844 0.714844 0.714844 1
0.714844 0.714844 0.714844 1
0.714844 0.714844 0.714844 1
0.710938 0.710938 0.710938 1
0.707031 0.707031 0.707031 1
0.703125 0.703125 0.703125 1
0.699219 0.699219 0.699219 1
0.699219 0.699219 0.699219 1
0.699219 0.699219 0.699219 1
0.699219 0.699219 0.699219 1
0.707031 0.707031 0.707031 1
0.707031 0.707031 0.707031 1
0.707031 0.707031 0.707031 1
0.703125 0.703125 0.703125 1
0.699219 0.699219 0.699219 1
0.695313 0.695313 0.695313 1
0.699219 0.699219 0.699219 1
0.707031 0.707031 0.707031 1
0.71875 0.71875 0.71875 1
0.71875 0.71875 0.71875 1
0.710938 0.710938 0.710938 1
0.707031 0.707031 0.707031 1
0.753906 0.753906 0.753906 1
0.75 0.75 0.75 1
0.738281 0.738281 0.738281 1
0.722656 0.722656 0.722656 1
0.714844 0.714844 0.714844 1
0.714844 0.714844 0.714844 1
0.714844 0.714844 0.714844 1
0.710938 0.710938 0.710938 1
0.707031 0.707031 0.707031 1
0.703125 0.703125 0.703125 1
0.699219 0.699219 0.699219 1
0.699219 0.699219 0.699219 1
0.699219 0.699219 0.699219 1
0.703125 0.703125 0.703125 1
0.703125 0.703125 0.703125 1
0.707031 0.707031 0.707031 1
0.707031 0.707031 0.707031 1
0.703125 0.703125 0.703125 1
0.695313 0.695313 0.695313 1
0.691406 0.691406 0.691406 1
0.695313 0.695313 0.695313 1
0.703125 0.703125 0.703125 1
0.714844 0.714844 0.714844 1
0.71875 0.71875 0.71875 1
0.714844 0.714844 0.714844 1
0.714844 0.714844 0.714844 1
0.746094 0.746094 0.746094 1
0.742188 0.742188 0.742188 1
0.734375 0.734375 0.734375 1
0.71875 0.71875 0.71875 1
0.710938 0.710938 0.710938 1
0.710938 0.710938 0.710938 1
0.714844 0.714844 0.714844 1
0.710938 0.710938 0.710938 1
0.707031 0.707031 0.707031 1
0.703125 0.703125 0.703125 1
0.699219 0.699219 0.699219 1
0.699219 0.699219 0.699219 1
0.699219 0.699219 0.699219 1
0.699219 0.699219 0.699219 1
0.699219 0.699219 0.699219 1
0.703125 0.703125 0.703125 1
0.707031 0.707031 0.707031 1
0.703125 0.703125 0.703125 1
0.699219 0.699219 0.699219 1
0.695313 0.695313 0.695313 1
0.695313 0.695313 0.695313 1
0.699219 0.699219 0.699219 1
0.707031 0.707031 0.707031 1
0.710938 0.710938 0.710938 1
0.71875 0.71875 0.71875 1
0.722656 0.722656 0.722656 1
0.726563 0.726563 0.726563 1
0.722656 0.722656 0.722656 1
0.71875 0.71875 0.71875 1
0.714844 0.714844 0.714844 1
0.714844 0.714844 0.714844 1
0.71875 0.71875 0.71875 1
0.722656 0.722656 0.722656 1
0.71875 0.71875 0.71875 1
0.707031 0.707031 0.707031 1
0.703125 0.703125 0.703125 1
0.703125 0.703125 0.703125 1
0.703125 0.703125 0.703125 1
0.703125 0.703125 0.703125 1
0.699219 0.699219 0.699219 1
0.699219 0.699219 0.699219 1
0.699219 0.699219 0.699219 1
0.707031 0.707031 0.707031 1
0.710938 0.710938 0.710938 1
0.710938 0.710938 0.710938 1
0.707031 0.707031 0.707031 1
0.707031 0.707031 0.707031 1
0.703125 0.703125 0.703125 1
0.707031 0.707031 0.707031 1
0.710938 0.710938 0.710938 1
0.71875 0.71875 0.71875 1
0.722656 0.722656 0.722656 1
0.707031 0.707031 0.707031 1
0.703125 0.703125 0.703125 1
0.703125 0.703125 0.703125 1
0.710938 0.710938 0.710938 1
0.71875 0.71875 0.71875 1
0.730469 0.730469 0.730469 1
0.734375 0.734375 0.734375 1
0.722656 0.722656 0.722656 1
0.714844 0.714844 0.714844 1
0.707031 0.707031 0.707031 1
0.710938 0.710938 0.710938 1
0.714844 0.714844 0.714844 1
0.714844 0.714844 0.714844 1
0.707031 0.707031 0.707031 1
0.699219 0.699219 0.699219 1
0.699219 0.699219 0.699219 1
0.707031 0.707031 0.707031 1
0.71875 0.71875 0.71875 1
0.722656 0.722656 0.722656 1
0.722656 0.722656 0.722656 1
0.71875 0.71875 0.71875 1
0.710938 0.710938 0.710938 1
0.707031 0.707031 0.707031 1
0.710938 0.710938 0.710938 1
0.714844 0.714844 0.714844 1
0.722656 0.722656 0.722656 1
0.703125 0.703125 0.703125 1
0.695313 0.695313 0.695313 1
0.695313 0.695313 0.695313 1
0.707031 0.707031 0.707031 1
0.71875 0.71875 0.71875 1
0.730469 0.730469 0.730469 1
0.730469 0.730469 0.730469 1
0.722656 0.722656 0.722656 1
0.71875 0.71875 0.71875 1
0.714844 0.714844 0.714844 1
0.71875 0.71875 0.71875 1
0.722656 0.722656 0.722656 1
0.722656 0.722656 0.722656 1
0.714844 0.714844 0.714844 1
0.707031 0.707031 0.707031 1
0.703125 0.703125 0.703125 1
0.707031 0.707031 0.707031 1
0.714844 0.714844 0.714844 1
0.722656 0.722656 0.722656 1
0.726563 0.726563 0.726563 1
0.726563 0.726563 0.726563 1
0.71875 0.71875 0.71875 1
0.710938 0.710938 0.710938 1
0.707031 0.707031 0.707031 1
0.710938 0.710938 0.710938 1
0.71875 0.71875 0.71875 1
0.714844 0.714844 0.714844 1
0.707031 0.707031 0.707031 1
0.699219 0.699219 0.699219 1
0.703125 0.703125 0.703125 1
0.707031 0.707031 0.707031 1
0.710938 0.710938 0.710938 1
0.714844 0.714844 0.714844 1
0.714844 0.714844 0.714844 1
0.714844 0.714844 0.714844 1
0.71875 0.71875 0.71875 1
0.71875 0.71875 0.71875 1
0.722656 0.722656 0.722656 1
0.722656 0.722656 0.722656 1
0.71875 0.71875 0.71875 1
0.710938 0.710938 0.710938 1
0.703125 0.703125 0.703125 1
0.699219 0.699219 0.699219 1
0.703125 0.703125 0.703125 1
0.710938 0.710938 0.710938 1
0.71875 0.71875 0.71875 1
0.722656 0.722656 0.722656 1
0.714844 0.714844 0.714844 1
0.707031 0.707031 0.707031 1
0.707031 0.707031 0.707031 1
0.710938 0.710938 0.710938 1
0.714844 0.714844 0.714844 1
0.722656 0.722656 0.722656 1
0.714844 0.714844 0.714844 1
0.707031 0.707031 0.707031 1
0.699219 0.699219 0.699219 1
0.695313 0.695313 0.695313 1
0.691406 0.691406 0.691406 1
0.691406 0.691406 0.691406 1
0.699219 0.699219 0.699219 1
0.707031 0.707031 0.707031 1
0.710938 0.710938 0.710938 1
0.714844 0.714844 0.714844 1
0.714844 0.714844 0.714844 1
0.714844 0.714844 0.714844 1
0.71875 0.71875 0.71875 1
0.714844 0.714844 0.714844 1
0.703125 0.703125 0.703125 1
0.691406 0.691406 0.691406 1
0.691406 0.691406 0.691406 1
0.699219 0.699219 0.699219 1
0.707031 0.707031 0.707031 1
0.710938 0.710938 0.710938 1
0.707031 0.707031 0.707031 1
0.699219 0.699219 0.699219 1
0.699219 0.699219 0.699219 1
0.707031 0.707031 0.707031 1
0.714844 0.714844 0.714844 1
0.71875 0.71875 0.71875 1
0.710938 0.710938 0.710938 1
0.707031 0.707031 0.707031 1
0.699219 0.699219 0.699219 1
0.691406 0.691406 0.691406 1
0.683594 0.683594 0.683594 1
0.679688 0.679688 0.679688 1
0.683594 0.683594 0.683594 1
0.691406 0.691406 0.691406 1
0.703125 0.703125 0.703125 1
0.707031 0.707031 0.707031 1
0.707031 0.707031 0.707031 1
0.707031 0.707031 0.707031 1
0.710938 0.710938 0.710938 1
0.710938 0.710938 0.710938 1
0.703125 0.703125 0.703125 1
0.691406 0.691406 0.691406 1
0.691406 0.691406 0.691406 1
0.691406 0.691406 0.691406 1
0.695313 0.695313 0.695313 1
0.699219 0.699219 0.699219 1
0.691406 0.691406 0.691406 1
0.6875 0.6875 0.6875 1
0.6875 0.6875 0.6875 1
0.695313 0.695313 0.695313 1
0.707031 0.707031 0.707031 1
0.703125 0.703125 0.703125 1
0.699219 0.699219 0.699219 1
0.695313 0.695313 0.695313 1
0.695313 0.695313 0.695313 1
0.691406 0.691406 0.691406 1
0.683594 0.683594 0.683594 1
0.679688 0.679688 0.679688 1
0.679688 0.679688 0.679688 1
0.683594 0.683594 0.683594 1
0.691406 0.691406 0.691406 1
0.695313 0.695313 0.695313 1
0.695313 0.695313 0.695313 1
0.699219 0.699219 0.699219 1
0.699219 0.699219 0.699219 1
0.699219 0.699219 0.699219 1
0.695313 0.695313 0.695313 1
0.691406 0.691406 0.691406 1
0.691406 0.691406 0.691406 1
0.691406 0.691406 0.691406 1
0.695313 0.695313 0.695313 1
0.691406 0.691406 0.691406 1
0.6875 0.6875 0.6875 1
0.679688 0.679688 0.679688 1
0.679688 0.679688 0.679688 1
0.683594 0.683594 0.683594 1
0.695313 0.695313 0.695313 1
0.6875 0.6875 0.6875 1
0.683594 0.683594 0.683594 1
0.683594 0.683594 0.683594 1
0.6875 0.6875 0.6875 1
0.691406 0.691406 0.691406 1
0.691406 0.691406 0.691406 1
0.6875 0.6875 0.6875 1
0.683594 0.683594 0.683594 1
0.683594 0.683594 0.683594 1
0.6875 0.6875 0.6875 1
0.691406 0.691406 0.691406 1
0.691406 0.691406 0.691406 1
0.691406 0.691406 0.691406 1
0.6875 0.6875 0.6875 1
0.6875 0.6875 0.6875 1
0.691406 0.691406 0.691406 1
0.691406 0.691406 0.691406 1
0.695313 0.695313 0.695313 1
0.695313 0.695313 0.695313 1
0.695313 0.695313 0.695313 1
0.691406 0.691406 0.691406 1
0.6875 0.6875 0.6875 1
0.683594 0.683594 0.683594 1
0.675781 0.675781 0.675781 1
0.675781 0.675781 0.675781 1
0.679688 0.679688 0.679688 1
0.679688 0.679688 0.679688 1
0.675781 0.675781 0.675781 1
0.675781 0.675781 0.675781 1
0.683594 0.683594 0.683594 1
0.691406 0.691406 0.691406 1
0.695313 0.695313 0.695313 1
0.691406 0.691406 0.691406 1
0.691406 0.691406 0.691406 1
0.6875 0.6875 0.6875 1
0.6875 0.6875 0.6875 1
0.6875 0.6875 0.6875 1
0.6875 0.6875 0.6875 1
0.683594 0.683594 0.683594 1
0.683594 0.683594 0.683594 1
0.683594 0.683594 0.683594 1
0.683594 0.683594 0.683594 1
0.691406 0.691406 0.691406 1
0.691406 0.691406 0.691406 1
0.695313 0.695313 0.695313 1
0.695313 0.695313 0.695313 1
0.695313 0.695313 0.695313 1
0.695313 0.695313 0.695313 1
0.691406 0.691406 0.691406 1
0.6875 0.6875 0.6875 1
0.675781 0.675781 0.675781 1
0.679688 0.679688 0.679688 1
0.679688 0.679688 0.679688 1
0.675781 0.675781 0.675781 1
0.675781 0.675781 0.675781 1
0.683594 0.683594 0.683594 1
0.691406 0.691406 0.691406 1
0.691406 0.691406 0.691406 1
0.691406 0.691406 0.691406 1
0.6875 0.6875 0.6875 1
0.6875 0.6875 0.6875 1
0.6875 0.6875 0.6875 1
0.6875 0.6875 0.6875 1
0.6875 0.6875 0.6875 1
0.6875 0.6875 0.6875 1
0.683594 0.683594 0.683594 1
0.683594 0.683594 0.683594 1
0.6875 0.6875 0.6875 1
0.6875 0.6875 0.6875 1
0.6875 0.6875 0.6875 1
0.6875 0.6875 0.6875 1
0.691406 0.691406 0.691406 1
0.699219 0.699219 0.699219 1
0.707031 0.707031 0.707031 1
0.707031 0.707031 0.707031 1
0.699219 0.699219 0.699219 1
0.691406 0.691406 0.691406 1
0.691406 0.691406 0.691406 1
0.679688 0.679688 0.679688 1
0.675781 0.675781 0.675781 1
0.679688 0.679688 0.679688 1
0.683594 0.683594 0.683594 1
0.6875 0.6875 0.6875 1
0.6875 0.6875 0.6875 1
0.6875 0.6875 0.6875 1
0.6875 0.6875 0.6875 1
0.691406 0.691406 0.691406 1
0.691406 0.691406 0.691406 1
0.691406 0.691406 0.691406 1
0.691406 0.691406 0.691406 1
0.691406 0.691406 0.691406 1
0.691406 0.691406 0.691406 1
0.691406 0.691406 0.691406 1
0.691406 0.691406 0.691406 1
0.691406 0.691406 0.691406 1
0.691406 0.691406 0.691406 1
0.6875 0.6875 0.6875 1
0.691406 0.691406 0.691406 1
0.703125 0.703125 0.703125 1
0.707031 0.707031 0.707031 1
0.710938 0.710938 0.710938 1
0.707031 0.707031 0.707031 1
0.707031 0.707031 0.707031 1
0.707031 0.707031 0.707031 1
0.675781 0.675781 0.675781 1
0.675781 0.675781 0.675781 1
0.679688 0.679688 0.679688 1
0.683594 0.683594 0.683594 1
0.6875 0.6875 0.6875 1
0.6875 0.6875 0.6875 1
0.6875 0.6875 0.6875 1
0.691406 0.691406 0.691406 1
0.695313 0.695313 0.695313 1
0.699219 0.699219 0.699219 1
0.699219 0.699219 0.699219 1
0.695313 0.695313 0.695313 1
0.695313 0.695313 0.695313 1
0.695313 0.695313 0.695313 1
0.695313 0.695313 0.695313 1
0.699219 0.699219 0.699219 1
0.703125 0.703125 0.703125 1
0.699219 0.699219 0.699219 1
0.695313 0.695313 0.695313 1
0.699219 0.699219 0.699219 1
0.707031 0.707031 0.707031 1
0.710938 0.710938 0.710938 1
0.710938 0.710938 0.710938 1
0.710938 0.710938 0.710938 1
0.710938 0.710938 0.710938 1
0.71875 0.71875 0.71875 1
0.675781 0.675781 0.675781 1
0.675781 0.675781 0.675781 1
0.679688 0.679688 0.679688 1
0.6875 0.6875 0.6875 1
0.691406 0.691406 0.691406 1
0.691406 0.691406 0.691406 1
0.695313 0.695313 0.695313 1
0.699219 0.699219 0.699219 1
0.707031 0.707031 0.707031 1
0.707031 0.707031 0.707031 1
0.707031 0.707031 0.707031 1
0.699219 0.699219 0.699219 1
0.695313 0.695313 0.695313 1
0.699219 0.699219 0.699219 1
0.703125 0.703125 0.703125 1
0.707031 0.707031 0.707031 1
0.707031 0.707031 0.707031 1
0.707031 0.707031 0.707031 1
0.707031 0.707031 0.707031 1
0.707031 0.707031 0.707031 1
0.707031 0.707031 0.707031 1
0.707031 0.707031 0.707031 1
0.710938 0.710938 0.710938 1
0.710938 0.710938 0.710938 1
0.710938 0.710938 0.710938 1
0.714844 0.714844 0.714844 1
0.0351563 0.0351563 0.0351563 0
0.03125 0.03125 0.03125 0
0.0234375 0.0234375 0.0234375 0
0.0195313 0.0195313 0.0195313 0
0.0195313 0.0195313 0.0195313 0
0.0195313 0.0195313 0.0195313 0
0.0195313 0.0195313 0.0195313 0
0.0195313 0.0195313 0.0195313 0
0.0195313 0.0195313 0.0195313 0
0.015625 0.015625 0.015625 0
0.015625 0.015625 0.015625 0
0.015625 0.015625 0.015625 0
0.015625 0.015625 0.015625 0
0.015625 0.015625 0.015625 0
0.015625 0.015625 0.015625 0
0.0195313 0.0195313 0.0195313 0
0.0234375 0.0234375 0.0234375 0
0.0273438 0.0273438 0.0273438 0
0.03125 0.03125 0.03125 0
0.03125 0.03125 0.03125 0
0.0273438 0.0273438 0.0273438 0
0.0234375 0.0234375 0.0234375 0
0.0195313 0.0195313 0.0195313 0
0.0195313 0.0195313 0.0195313 0
0.015625 0.015625 0.015625 0
0.015625 0.015625 0.015625 0
0.0273438 0.0273438 0.0273438 0
0.0273438 0.0273438 0.0273438 0
0.0195313 0.0195313 0.0195313 0
0.015625 0.015625 0.015625 0
0.0195313 0.0195313 0.0195313 0
0.0195313 0.0195313 0.0195313 0
0.0234375 0.0234375 0.0234375 0
0.0234375 0.0234375 0.0234375 0
0.0234375 0.0234375 0.0234375 0
0.0234375 0.0234375 0.0234375 0
0.0195313 0.0195313 0.0195313 0
0.015625 0.015625 0.015625 0
0.015625 0.015625 0.015625 0
0.0195313 0.0195313 0.0195313 0
0.0234375 0.0234375 0.0234375 0
0.0234375 0.0234375 0.0234375 0
0.0234375 0.0234375 0.0234375 0
0.0273438 0.0273438 0.0273438 0
0.03125 0.03125 0.03125 0
0.03125 0.03125 0.03125 0
0.0273438 0.0273438 0.0273438 0
0.0195313 0.0195313 0.0195313 0
0.015625 0.015625 0.015625 0
0.015625 0.015625 0.015625 0
0.015625 0.015625 0.015625 0
0.015625 0.015625 0.015625 0
0.0195313 0.0195313 0.0195313 0
0.0195313 0.0195313 0.0195313 0
0.015625 0.015625 0.015625 0
0.015625 0.015625 0.015625 0
0.0195313 0.0195313 0.0195313 0
0.0234375 0.0234375 0.0234375 0
0.0273438 0.0273438 0.0273438 0
0.0273438 0.0273438 0.0273438 0
0.0273438 0.0273438 0.0273438 0
0.0273438 0.0273438 0.0273438 0
0.0234375 0.0234375 0.0234375 0
0.0195313 0.0195313 0.0195313 0
0.0234375 0.0234375 0.0234375 0
0.0273438 0.0273438 0.0273438 0
0.0273438 0.0273438 0.0273438 0
0.03125 0.03125 0.03125 0
0.0273438 0.0273438 0.0273438 0
0.0273438 0.0273438 0.0273438 0
0.03125 0.03125 0.03125 0
0.03125 0.03125 0.03125 0
0.0273438 0.0273438 0.0273438 0
0.0273438 0.0273438 0.0273438 0
0.0195313 0.0195313 0.0195313 0
0.015625 0.015625 0.015625 0
0.015625 0.015625 0.015625 0
0.015625 0.015625 0.015625 0
0.0195313 0.0195313 0.0195313 0
0.0195313 0.0195313 0.0195313 0
0.0195313 0.0195313 0.0195313 0
0.0234375 0.0234375 0.0234375 0
0.0234375 0.0234375 0.0234375 0
0.0234375 0.0234375 0.0234375 0
0.0273438 0.0273438 0.0273438 0
0.03125 0.03125 0.03125 0
0.03125 0.03125 0.03125 0
0.0273438 0.0273438 0.0273438 0
0.0234375 0.0234375 0.0234375 0
0.0273438 0.0273438 0.0273438 0
0.0273438 0.0273438 0.0273438 0
0.03125 0.03125 0.03125 0
0.0351563 0.0351563 0.0351563 0
0.03125 0.03125 0.03125 0
0.03125 0.03125 0.03125 0
0.0273438 0.0273438 0.0273438 0
0.0273438 0.0273438 0.0273438 0
0.03125 0.03125 0.03125 0
0.03125 0.03125 0.03125 0
0.03125 0.03125 0.03125 0
0.0273438 0.0273438 0.0273438 0
0.0234375 0.0234375 0.0234375 0
0.0195313 0.0195313 0.0195313 0
0.0195313 0.0195313 0.0195313 0
0.0273438 0.0273438 0.0273438 0
0.0273438 0.0273438 0.0273438 0
0.0273438 0.0273438 0.0273438 0
0.0273438 0.0273438 0.0273438 0
0.0273438 0.0273438 0.0273438 0
0.0273438 0.0273438 0.0273438 0
0.0273438 0.0273438 0.0273438 0
0.03125 0.03125 0.03125 0
0.0273438 0.0273438 0.0273438 0
0.0273438 0.0273438 0.0273438 0
0.0273438 0.0273438 0.0273438 0
0.0273438 0.0273438 0.0273438 0
0.03125 0.03125 0.03125 0
0.0351563 0.0351563 0.0351563 0
0.03125 0.03125 0.03125 0
0.03125 0.03125 0.03125 0
0.03125 0.03125 0.03125 0
0.0273438 0.0273438 0.0273438 0
0.0273438 0.0273438 0.0273438 0
0.0273438 0.0273438 0.0273438 0
0.03125 0.03125 0.03125 0
0.03125 0.03125 0.03125 0
0.03125 0.03125 0.03125 0
0.0273438 0.0273438 0.0273438 0
0.0234375 0.0234375 0.0234375 0
0.0195313 0.0195313 0.0195313 0
0.03125 0.03125 0.03125 0
0.0273438 0.0273438 0.0273438 0
0.03125 0.03125 0.03125 0
0.03125 0.03125 0.03125 0
0.03125 0.03125 0.03125 0
0.03125 0.03125 0.03125 0
0.03125 0.03125 0.03125 0
0.03125 0.03125 0.03125 0
0.0273438 0.0273438 0.0273438 0
0.0234375 0.0234375 0.0234375 0
0.0234375 0.0234375 0.0234375 0
0.0273438 0.0273438 0.0273438 0
0.0273438 0.0273438 0.0273438 0
0.0273438 0.0273438 0.0273438 0
0.0273438 0.0273438 0.0273438 0
0.0273438 0.0273438 0.0273438 0
0.0273438 0.0273438 0.0273438 0
0.0273438 0.0273438 0.0273438 0
0.0234375 0.0234375 0.0234375 0
0.0234375 0.0234375 0.0234375 0
0.0273438 0.0273438 0.0273438 0
0.0273438 0.0273438 0.0273438 0
0.0273438 0.0273438 0.0273438 0
0.0234375 0.0234375 0.0234375 0
0.0234375 0.0234375 0.0234375 0
0.0195313 0.0195313 0.0195313 0
0.03125 0.03125 0.03125 0
0.0273438 0.0273438 0.0273438 0
0.0273438 0.0273438 0.0273438 0
0.03125 0.03125 0.03125 0
0.03125 0.03125 0.03125 0
0.03125 0.03125 0.03125 0
0.03125 0.03125 0.03125 0
0.03125 0.03125 0.03125 0
0.0273438 0.0273438 0.0273438 0
0.0234375 0.0234375 0.0234375 0
0.0234375 0.0234375 0.0234375 0
0.0234375 0.0234375 0.0234375 0
0.0234375 0.0234375 0.0234375 0
0.0195313 0.0195313 0.0195313 0
0.0234375 0.0234375 0.0234375 0
0.0273438 0.0273438 0.0273438 0
0.0273438 0.0273438 0.0273438 0
0.0273438 0.0273438 0.0273438 0
0.0195313 0.0195313 0.0195313 0
0.0195313 0.0195313 0.0195313 0
0.0195313 0.0195313 0.0195313 0
0.0195313 0.0195313 0.0195313 0
0.0195313 0.0195313 0.0195313 0
0.0195313 0.0195313 0.0195313 0
0.0195313 0.0195313 0.0195313 0
0.0195313 0.0195313 0.0195313 0
0.0273438 0.0273438 0.0273438 0
0.0273438 0.0273438 0.0273438 0
0.0273438 0.0273438 0.0273438 0
0.0273438 0.0273438 0.0273438 0
0.0273438 0.0273438 0.0273438 0
0.0273438 0.0273438 0.0273438 0
0.0273438 0.0273438 0.0273438 0
0.0273438 0.0273438 0.0273438 0
0.0234375 0.0234375 0.0234375 0
0.0234375 0.0234375 0.0234375 0
0.0234375 0.0234375 0.0234375 0
0.0234375 0.0234375 0.0234375 0
0.0195313 0.0195313 0.0195313 0
0.0195313 0.0195313 0.0195313 0
0.0195313 0.0195313 0.0195313 0
0.0234375 0.0234375 0.0234375 0
0.0234375 0.0234375 0.0234375 0
0.0195313 0.0195313 0.0195313 0
0.015625 0.015625 0.015625 0
0.015625 0.015625 0.015625 0
0.015625 0.015625 0.015625 0
0.015625 0.015625 0.015625 0
0.015625 0.015625 0.015625 0
0.015625 0.015625 0.015625 0
0.0195313 0.0195313 0.0195313 0
0.0195313 0.0195313 0.0195313 0
0.0273438 0.0273438 0.0273438 0
0.0234375 0.0234375 0.0234375 0
0.0234375 0.0234375 0.0234375 0
0.0234375 0.0234375 0.0234375 0
0.0234375 0.0234375 0.0234375 0
0.0234375 0.0234375 0.0234375 0
0.0234375 0.0234375 0.0234375 0
0.0195313 0.0195313 0.0195313 0
0.0195313 0.0195313 0.0195313 0
0.0234375 0.0234375 0.0234375 0
0.0234375 0.0234375 0.0234375 0
0.0234375 0.0234375 0.0234375 0
0.0195313 0.0195313 0.0195313 0
0.0195313 0.0195313 0.0195313 0
0.0195313 0.0195313 0.0195313 0
0.0234375 0.0234375 0.0234375 0
0.0195313 0.0195313 0.0195313 0
0.015625 0.015625 0.015625 0
0.015625 0.015625 0.015625 0
0.015625 0.015625 0.015625 0
0.015625 0.015625 0.015625 0
0.015625 0.015625 0.015625 0
0.015625 0.015625 0.015625 0
0.015625 0.015625 0.015625 0
0.015625 0.015625 0.015625 0
0.015625 0.015625 0.015625 0
0.0273438 0.0273438 0.0273438 0
0.0273438 0.0273438 0.0273438 0
0.0273438 0.0273438 0.0273438 0
0.0273438 0.0273438 0.0273438 0
0.0234375 0.0234375 0.0234375 0
0.0234375 0.0234375 0.0234375 0
0.0195313 0.0195313 0.0195313 0
0.0195313 0.0195313 0.0195313 0
0.0195313 0.0195313 0.0195313 0
0.0234375 0.0234375 0.0234375 0
0.0273438 0.0273438 0.0273438 0
0.0234375 0.0234375 0.0234375 0
0.0195313 0.0195313 0.0195313 0
0.0195313 0.0195313 0.0195313 0
0.0234375 0.0234375 0.0234375 0
0.0273438 0.0273438 0.0273438 0
0.0195313 0.0195313 0.0195313 0
0.015625 0.015625 0.015625 0
0.015625 0.015625 0.015625 0
0.0195313 0.0195313 0.0195313 0
0.0195313 0.0195313 0.0195313 0
0.0195313 0.0195313 0.0195313 0
0.0195313 0.0195313 0.0195313 0
0.015625 0.015625 0.015625 0
0.015625 0.015625 0.015625 0
0.015625 0.015625 0.015625 0
0.0273438 0.0273438 0.0273438 0
0.0273438 0.0273438 0.0273438 0
0.0273438 0.0273438 0.0273438 0
0.0273438 0.0273438 0.0273438 0
0.0273438 0.0273438 0.0273438 0
0.0234375 0.0234375 0.0234375 0
0.0195313 0.0195313 0.0195313 0
0.0195313 0.0195313 0.0195313 0
0.0234375 0.0234375 0.0234375 0
0.0273438 0.0273438 0.0273438 0
0.0273438 0.0273438 0.0273438 0
0.0234375 0.0234375 0.0234375 0
0.0195313 0.0195313 0.0195313 0
0.0195313 0.0195313 0.0195313 0
0.0234375 0.0234375 0.0234375 0
0.0273438 0.0273438 0.0273438 0
0.0234375 0.0234375 0.0234375 0
0.0195313 0.0195313 0.0195313 0
0.0195313 0.0195313 0.0195313 0
0.0234375 0.0234375 0.0234375 0
0.0273438 0.0273438 0.0273438 0
0.0273438 0.0273438 0.0273438 0
0.0234375 0.0234375 0.0234375 0
0.0195313 0.0195313 0.0195313 0
0.015625 0.015625 0.015625 0
0.015625 0.015625 0.015625 0
0.0273438 0.0273438 0.0273438 0
0.0273438 0.0273438 0.0273438 0
0.03125 0.03125 0.03125 0
0.0273438 0.0273438 0.0273438 0
0.0273438 0.0273438 0.0273438 0
0.0195313 0.0195313 0.0195313 0
0.015625 0.015625 0.015625 0
0.0195313 0.0195313 0.0195313 0
0.0234375 0.0234375 0.0234375 0
0.0273438 0.0273438 0.0273438 0
0.0234375 0.0234375 0.0234375 0
0.0234375 0.0234375 0.0234375 0
0.0195313 0.0195313 0.0195313 0
0.0195313 0.0195313 0.0195313 0
0.0234375 0.0234375 0.0234375 0
0.0234375 0.0234375 0.0234375 0
0.0195313 0.0195313 0.0195313 0
0.0195313 0.0195313 0.0195313 0
0.0234375 0.0234375 0.0234375 0
0.0273438 0.0273438 0.0273438 0
0.0273438 0.0273438 0.0273438 0
0.0273438 0.0273438 0.0273438 0
0.0234375 0.0234375 0.0234375 0
0.0195313 0.0195313 0.0195313 0
0.0195313 0.0195313 0.0195313 0
0.0195313 0.0195313 0.0195313 0
0.0273438 0.0273438 0.0273438 0
0.0273438 0.0273438 0.0273438 0
0.0273438 0.0273438 0.0273438 0
0.0273438 0.0273438 0.0273438 0
0.0234375 0.0234375 0.0234375 0
0.0195313 0.0195313 0.0195313 0
0.015625 0.015625 0.015625 0
0.0195313 0.0195313 0.0195313 0
0.0234375 0.0234375 0.0234375 0
0.0234375 0.0234375 0.0234375 0
0.0234375 0.0234375 0.0234375 0
0.0234375 0.0234375 0.0234375 0
0.0234375 0.0234375 0.0234375 0
0.0234375 0.0234375 0.0234375 0
0.0195313 0.0195313 0.0195313 0
0.0195313 0.0195313 0.0195313 0
0.0195313 0.0195313 0.0195313 0
0.0195313 0.0195313 0.0195313 0
0.0273438 0.0273438 0.0273438 0
0.0273438 0.0273438 0.0273438 0
0.03125 0.03125 0.03125 0
0.03125 0.03125 0.03125 0
0.0273438 0.0273438 0.0273438 0
0.0234375 0.0234375 0.0234375 0
0.0234375 0.0234375 0.0234375 0
0.0234375 0.0234375 0.0234375 0
0.0273438 0.0273438 0.0273438 0
0.0273438 0.0273438 0.0273438 0
0.0273438 0.0273438 0.0273438 0
0.0273438 0.0273438 0.0273438 0
0.0273438 0.0273438 0.0273438 0
0.0234375 0.0234375 0.0234375 0
0.0195313 0.0195313 0.0195313 0
0.0195313 0.0195313 0.0195313 0
0.0234375 0.0234375 0.0234375 0
0.0234375 0.0234375 0.0234375 0
0.0195313 0.0195313 0.0195313 0
0.0195313 0.0195313 0.0195313 0
0.0234375 0.0234375 0.0234375 0
0.0234375 0.0234375 0.0234375 0
0.0195313 0.0195313 0.0195313 0
0.015625 0.015625 0.015625 0
0.015625 0.015625 0.015625 0
0.0195313 0.0195313 0.0195313 0
0.0273438 0.0273438 0.0273438 0
0.03125 0.03125 0.03125 0
0.03125 0.03125 0.03125 0
0.03125 0.03125 0.03125 0
0.03125 0.03125 0.03125 0
0.0273438 0.0273438 0.0273438 0
0.0273438 0.0273438 0.0273438 0
0.0273438 0.0273438 0.0273438 0
0.0234375 0.0234375 0.0234375 0
0.0234375 0.0234375 0.0234375 0
0.0273438 0.0273438 0.0273438 0
0.03125 0.03125 0.03125 0
0.03125 0.03125 0.03125 0
0.0273438 0.0273438 0.0273438 0
0.0234375 0.0234375 0.0234375 0
0.0234375 0.0234375 0.0234375 0
0.0234375 0.0234375 0.0234375 0
0.0195313 0.0195313 0.0195313 0
0.0195313 0.0195313 0.0195313 0
0.015625 0.015625 0.015625 0
0.0195313 0.0195313 0.0195313 0
0.0234375 0.0234375 0.0234375 0
0.0195313 0.0195313 0.0195313 0
0.015625 0.015625 0.015625 0
0.0195313 0.0195313 0.0195313 0
0.0234375 0.0234375 0.0234375 0
0.0273438 0.0273438 0.0273438 0
0.0273438 0.0273438 0.0273438 0
0.03125 0.03125 0.03125 0
0.03125 0.03125 0.03125 0
0.03125 0.03125 0.03125 0
0.03125 0.03125 0.03125 0
0.0273438 0.0273438 0.0273438 0
0.0273438 0.0273438 0.0273438 0
0.0195313 0.0195313 0.0195313 0
0.0195313 0.0195313 0.0195313 0
0.0273438 0.0273438 0.0273438 0
0.03125 0.03125 0.03125 0
0.03125 0.03125 0.03125 0
0.0273438 0.0273438 0.0273438 0
0.0273438 0.0273438 0.0273438 0
0.0234375 0.0234375 0.0234375 0
0.0234375 0.0234375 0.0234375 0
0.0195313 0.0195313 0.0195313 0
0.015625 0.015625 0.015625 0
0.015625 0.015625 0.015625 0
0.015625 0.015625 0.015625 0
0.0195313 0.0195313 0.0195313 0
0.0195313 0.0195313 0.0195313 0
0.0195313 0.0195313 0.0195313 0
0.0234375 0.0234375 0.0234375 0
0.0273438 0.0273438 0.0273438 0
0.0273438 0.0273438 0.0273438 0
0.0273438 0.0273438 0.0273438 0
0.0273438 0.0273438 0.0273438 0
0.03125 0.03125 0.03125 0
0.0273438 0.0273438 0.0273438 0
0.0273438 0.0273438 0.0273438 0
0.0273438 0.0273438 0.0273438 0
0.0273438 0.0273438 0.0273438 0
0.0195313 0.0195313 0.0195313 0
0.0195313 0.0195313 0.0195313 0
0.0273438 0.0273438 0.0273438 0
0.03125 0.03125 0.03125 0
0.0273438 0.0273438 0.0273438 0
0.0273438 0.0273438 0.0273438 0
0.0234375 0.0234375 0.0234375 0
0.0234375 0.0234375 0.0234375 0
0.0234375 0.0234375 0.0234375 0
0.0234375 0.0234375 0.0234375 0
0.0195313 0.0195313 0.0195313 0
0.015625 0.015625 0.015625 0
0.015625 0.015625 0.015625 0
0.015625 0.015625 0.015625 0
0.015625 0.015625 0.015625 0
0.0195313 0.0195313 0.0195313 0
0.0273438 0.0273438 0.0273438 0
0.03125 0.03125 0.03125 0
0.0273438 0.0273438 0.0273438 0
0.0273438 0.0273438 0.0273438 0
0.0273438 0.0273438 0.0273438 0
0.0273438 0.0273438 0.0273438 0
0.0273438 0.0273438 0.0273438 0
0.0234375 0.0234375 0.0234375 0
0.0234375 0.0234375 0.0234375 0
0.0234375 0.0234375 0.0234375 0
0.0195313 0.0195313 0.0195313 0
0.0234375 0.0234375 0.0234375 0
0.0273438 0.0273438 0.0273438 0
0.03125 0.03125 0.03125 0
0.0273438 0.0273438 0.0273438 0
0.0195313 0.0195313 0.0195313 0
0.0195313 0.0195313 0.0195313 0
0.0234375 0.0234375 0.0234375 0
0.0234375 0.0234375 0.0234375 0
0.0234375 0.0234375 0.0234375 0
0.0234375 0.0234375 0.0234375 0
0.0195313 0.0195313 0.0195313 0
0.015625 0.015625 0.015625 0
0.015625 0.015625 0.015625 0
0.0195313 0.0195313 0.0195313 0
0.0234375 0.0234375 0.0234375 0
0.0273438 0.0273438 0.0273438 0
0.0273438 0.0273438 0.0273438 0
0.0273438 0.0273438 0.0273438 0
0.0273438 0.0273438 0.0273438 0
0.0273438 0.0273438 0.0273438 0
0.0273438 0.0273438 0.0273438 0
0.0234375 0.0234375 0.0234375 0
0.0195313 0.0195313 0.0195313 0
0.0195313 0.0195313 0.0195313 0
0.015625 0.015625 0.015625 0
0.0195313 0.0195313 0.0195313 0
0.0273438 0.0273438 0.0273438 0
0.0273438 0.0273438 0.0273438 0
0.0273438 0.0273438 0.0273438 0
0.0234375 0.0234375 0.0234375 0
0.0195313 0.0195313 0.0195313 0
0.0195313 0.0195313 0.0195313 0
0.0234375 0.0234375 0.0234375 0
0.0273438 0.0273438 0.0273438 0
0.0273438 0.0273438 0.0273438 0
0.0234375 0.0234375 0.0234375 0
0.0195313 0.0195313 0.0195313 0
0.0195313 0.0195313 0.0195313 0
0.0195313 0.0195313 0.0195313 0
0.0195313 0.0195313 0.0195313 0
0.0234375 0.0234375 0.0234375 0
0.0273438 0.0273438 0.0273438 0
0.0273438 0.0273438 0.0273438 0
0.0273438 0.0273438 0.0273438 0
0.0273438 0.0273438 0.0273438 0
0.0273438 0.0273438 0.0273438 0
0.0234375 0.0234375 0.0234375 0
0.0195313 0.0195313 0.0195313 0
0.015625 0.015625 0.015625 0
0.015625 0.015625 0.015625 0
0.015625 0.015625 0.015625 0
0.0234375 0.0234375 0.0234375 0
0.0273438 0.0273438 0.0273438 0
0.0273438 0.0273438 0.0273438 0
0.0273438 0.0273438 0.0273438 0
0.0195313 0.0195313 0.0195313 0
0.015625 0.015625 0.015625 0
0.0195313 0.0195313 0.0195313 0
0.0234375 0.0234375 0.0234375 0
0.0273438 0.0273438 0.0273438 0
0.0273438 0.0273438 0.0273438 0
0.0234375 0.0234375 0.0234375 0
0.0195313 0.0195313 0.0195313 0
0.0195313 0.0195313 0.0195313 0
0.0234375 0.0234375 0.0234375 0
0.0234375 0.0234375 0.0234375 0
0.0273438 0.0273438 0.0273438 0
0.0234375 0.0234375 0.0234375 0
0.0234375 0.0234375 0.0234375 0
0.0273438 0.0273438 0.0273438 0
0.0273438 0.0273438 0.0273438 0
0.0234375 0.0234375 0.0234375 0
0.0195313 0.0195313 0.0195313 0
0.015625 0.015625 0.015625 0
0.0117188 0.0117188 0.0117188 0
0.015625 0.015625 0.015625 0
0.015625 0.015625 0.015625 0
0.0234375 0.0234375 0.0234375 0
0.0273438 0.0273438 0.0273438 0
0.0273438 0.0273438 0.0273438 0
0.0273438 0.0273438 0.0273438 0
0.0234375 0.0234375 0.0234375 0
0.0195313 0.0195313 0.0195313 0
0.0234375 0.0234375 0.0234375 0
0.0273438 0.0273438 0.0273438 0
0.0273438 0.0273438 0.0273438 0
0.0234375 0.0234375 0.0234375 0
0.0195313 0.0195313 0.0195313 0
0.015625 0.015625 0.015625 0
0.0195313 0.0195313 0.0195313 0
0.0234375 0.0234375 0.0234375 0
0.0273438 0.0273438 0.0273438 0
0.0273438 0.0273438 0.0273438 0
0.0273438 0.0273438 0.0273438 0
0.0234375 0.0234375 0.0234375 0
0.0234375 0.0234375 0.0234375 0
0.0234375 0.0234375 0.0234375 0
0.0234375 0.0234375 0.0234375 0
0.0195313 0.0195313 0.0195313 0
0.015625 0.015625 0.015625 0
0.015625 0.015625 0.015625 0
0.015625 0.015625 0.015625 0
0.0195313 0.0195313 0.0195313 0
0.0234375 0.0234375 0.0234375 0
0.0273438 0.0273438 0.0273438 0
0.03125 0.03125 0.03125 0
0.03125 0.03125 0.03125 0
0.0234375 0.0234375 0.0234375 0
0.0195313 0.0195313 0.0195313 0
0.0273438 0.0273438 0.0273438 0
0.03125 0.03125 0.03125 0
0.0273438 0.0273438 0.0273438 0
0.0234375 0.0234375 0.0234375 0
0.015625 0.015625 0.015625 0
0.015625 0.015625 0.015625 0
0.015625 0.015625 0.015625 0
0.0234375 0.0234375 0.0234375 0
0.0273438 0.0273438 0.0273438 0
0.0273438 0.0273438 0.0273438 0
0.0273438 0.0273438 0.0273438 0
0.0273438 0.0273438 0.0273438 0
0.0234375 0.0234375 0.0234375 0
0.0195313 0.0195313 0.0195313 0
0.0195313 0.0195313 0.0195313 0
0.0195313 0.0195313 0.0195313 0
0.0195313 0.0195313 0.0195313 0
0.0195313 0.0195313 0.0195313 0
0.0195313 0.0195313 0.0195313 0
0.0195313 0.0195313 0.0195313 0
0.0234375 0.0234375 0.0234375 0
0.03125 0.03125 0.03125 0
0.0351563 0.0351563 0.0351563 0
0.0351563 0.0351563 0.0351563 0
0.0273438 0.0273438 0.0273438 0
0.0234375 0.0234375 0.0234375 0
0.0273438 0.0273438 0.0273438 0
0.03125 0.03125 0.03125 0
0.0273438 0.0273438 0.0273438 0
0.0234375 0.0234375 0.0234375 0
0.0195313 0.0195313 0.0195313 0
0.015625 0.015625 0.015625 0
0.015625 0.015625 0.015625 0
0.0195313 0.0195313 0.0195313 0
0.0234375 0.0234375 0.0234375 0
0.0273438 0.0273438 0.0273438 0
0.0273438 0.0273438 0.0273438 0
0.0273438 0.0273438 0.0273438 0
0.0234375 0.0234375 0.0234375 0
0.015625 0.015625 0.015625 0
0.0195313 0.0195313 0.0195313 0
0.0234375 0.0234375 0.0234375 0
0.0234375 0.0234375 0.0234375 0
0.0234375 0.0234375 0.0234375 0
0.0195313 0.0195313 0.0195313 0
0.0195313 0.0195313 0.0195313 0
0.0234375 0.0234375 0.0234375 0
0.03125 0.03125 0.03125 0
0.0351563 0.0351563 0.0351563 0
0.03125 0.03125 0.03125 0
0.0273438 0.0273438 0.0273438 0
0.0273438 0.0273438 0.0273438 0
0.0273438 0.0273438 0.0273438 0
0.0273438 0.0273438 0.0273438 0
0.0234375 0.0234375 0.0234375 0
0.0195313 0.0195313 0.0195313 0
0.0195313 0.0195313 0.0195313 0
0.0195313 0.0195313 0.0195313 0
0.0195313 0.0195313 0.0195313 0
0.0195313 0.0195313 0.0195313 0
0.0195313 0.0195313 0.0195313 0
0.0234375 0.0234375 0.0234375 0
0.0273438 0.0273438 0.0273438 0
0.0234375 0.0234375 0.0234375 0
0.0195313 0.0195313 0.0195313 0
0.015625 0.015625 0.015625 0
0.0195313 0.0195313 0.0195313 0
0.0234375 0.0234375 0.0234375 0
0.0234375 0.0234375 0.0234375 0
0.0195313 0.0195313 0.0195313 0
0.0195313 0.0195313 0.0195313 0
0.015625 0.015625 0.015625 0
0.0234375 0.0234375 0.0234375 0
0.0273438 0.0273438 0.0273438 0
0.0273438 0.0273438 0.0273438 0
0.0273438 0.0273438 0.0273438 0
0.0273438 0.0273438 0.0273438 0
0.0273438 0.0273438 0.0273438 0
0.0234375 0.0234375 0.0234375 0
0.0234375 0.0234375 0.0234375 0
0.0195313 0.0195313 0.0195313 0
0.0195313 0.0195313 0.0195313 0
0.0195313 0.0195313 0.0195313 0
0.0234375 0.0234375 0.0234375 0
0.0195313 0.0195313 0.0195313 0
0.015625 0.015625 0.015625 0
0.0195313 0.0195313 0.0195313 0
0.0234375 0.0234375 0.0234375 0
0.0195313 0.0195313 0.0195313 0
0.015625 0.015625 0.015625 0
0.015625 0.015625 0.015625 0
0.015625 0.015625 0.015625 0
0.0195313 0.0195313 0.0195313 0
0.0234375 0.0234375 0.0234375 0
0.0195313 0.0195313 0.0195313 0
0.0195313 0.0195313 0.0195313 0
0.015625 0.015625 0.015625 0
0.015625 0.015625 0.015625 0
0.0234375 0.0234375 0.0234375 0
0.0273438 0.0273438 0.0273438 0
0.0234375 0.0234375 0.0234375 0
0.0234375 0.0234375 0.0234375 0
0.0273438 0.0273438 0.0273438 0
0.0273438 0.0273438 0.0273438 0
0.0234375 0.0234375 0.0234375 0
0.0195313 0.0195313 0.0195313 0
0.015625 0.015625 0.015625 0
0.015625 0.015625 0.015625 0
0.0195313 0.0195313 0.0195313 0
0.0234375 0.0234375 0.0234375 0
0.0195313 0.0195313 0.0195313 0
0.015625 0.015625 0.015625 0
0.0195313 0.0195313 0.0195313 0
0.0195313 0.0195313 0.0195313 0
0.0195313 0.0195313 0.0195313 0
0.0117188 0.0117188 0.0117188 0
0.0117188 0.0117188 0.0117188 0
0.015625 0.015625 0.015625 0
0.0195313 0.0195313 0.0195313 0
0.0234375 0.0234375 0.0234375 0
0.0234375 0.0234375 0.0234375 0
0.0234375 0.0234375 0.0234375 0
0.0195313 0.0195313 0.0195313 0
0.0195313 0.0195313 0.0195313 0
0.453125 0.453125 0.453125 0
0.359375 0.359375 0.359375 0
0.289063 0.289063 0.289063 0
0.253906 0.253906 0.253906 0
0.234375 0.234375 0.234375 0
0.226563 0.226563 0.226563 0
0.222656 0.222656 0.222656 0
0.222656 0.222656 0.222656 0
0.21875 0.21875 0.21875 0
0.214844 0.214844 0.214844 0
0.210938 0.210938 0.210938 0
0.203125 0.203125 0.203125 0
0.199219 0.199219 0.199219 0
0.199219 0.199219 0.199219 0
0.199219 0.199219 0.199219 0
0.199219 0.199219 0.199219 0
0.203125 0.203125 0.203125 0
0.207031 0.207031 0.207031 0
0.210938 0.210938 0.210938 0
0.210938 0.210938 0.210938 0
0.214844 0.214844 0.214844 0
0.367188 0.367188 0.367188 0
0.289063 0.289063 0.289063 0
0.238281 0.238281 0.238281 0
0.222656 0.222656 0.222656 0
0.222656 0.222656 0.222656 0
0.222656 0.222656 0.222656 0
0.226563 0.226563 0.226563 0
0.226563 0.226563 0.226563 0
0.222656 0.222656 0.222656 0
0.222656 0.222656 0.222656 0
0.214844 0.214844 0.214844 0
0.207031 0.207031 0.207031 0
0.207031 0.207031 0.207031 0
0.203125 0.203125 0.203125 0
0.207031 0.207031 0.207031 0
0.207031 0.207031 0.207031 0
0.210938 0.210938 0.210938 0
0.210938 0.210938 0.210938 0
0.210938 0.210938 0.210938 0
0.210938 0.210938 0.210938 0
0.214844 0.214844 0.214844 0
0.296875 0.296875 0.296875 0
0.246094 0.246094 0.246094 0
0.21875 0.21875 0.21875 0
0.210938 0.210938 0.210938 0
0.214844 0.214844 0.214844 0
0.222656 0.222656 0.222656 0
0.226563 0.226563 0.226563 0
0.230469 0.230469 0.230469 0
0.226563 0.226563 0.226563 0
0.222656 0.222656 0.222656 0
0.21875 0.21875 0.21875 0
0.214844 0.214844 0.214844 0
0.210938 0.210938 0.210938 0
0.207031 0.207031 0.207031 0
0.210938 0.210938 0.210938 0
0.214844 0.214844 0.214844 0
0.214844 0.214844 0.214844 0
0.210938 0.210938 0.210938 0
0.207031 0.207031 0.207031 0
0.210938 0.210938 0.210938 0
0.214844 0.214844 0.214844 0
0.25 0.25 0.25 0
0.222656 0.222656 0.222656 0
0.214844 0.214844 0.214844 0
0.214844 0.214844 0.214844 0
0.222656 0.222656 0.222656 0
0.230469 0.230469 0.230469 0
0.234375 0.234375 0.234375 0
0.234375 0.234375 0.234375 0
0.230469 0.230469 0.230469 0
0.222656 0.222656 0.222656 0
0.21875 0.21875 0.21875 0
0.214844 0.214844 0.214844 0
0.214844 0.214844 0.214844 0
0.214844 0.214844 0.214844 0
0.21875 0.21875 0.21875 0
0.21875 0.21875 0.21875 0
0.214844 0.214844 0.214844 0
0.207031 0.207031 0.207031 0
0.203125 0.203125 0.203125 0
0.207031 0.207031 0.207031 0
0.214844 0.214844 0.214844 0
0.222656 0.222656 0.222656 0
0.21875 0.21875 0.21875 0
0.21875 0.21875 0.21875 0
0.222656 0.222656 0.222656 0
0.230469 0.230469 0.230469 0
0.238281 0.238281 0.238281 0
0.242188 0.242188 0.242188 0
0.238281 0.238281 0.238281 0
0.230469 0.230469 0.230469 0
0.222656 0.222656 0.222656 0
0.21875 0.21875 0.21875 0
0.214844 0.214844 0.214844 0
0.214844 0.214844 0.214844 0
0.222656 0.222656 0.222656 0
0.222656 0.222656 0.222656 0
0.222656 0.222656 0.222656 0
0.214844 0.214844 0.214844 0
0.203125 0.203125 0.203125 0
0.195313 0.195313 0.195313 0
0.203125 0.203125 0.203125 0
0.210938 0.210938 0.210938 0
0.214844 0.214844 0.214844 0
0.21875 0.21875 0.21875 0
0.222656 0.222656 0.222656 0
0.226563 0.226563 0.226563 0
0.234375 0.234375 0.234375 0
0.238281 0.238281 0.238281 0
0.238281 0.238281 0.238281 0
0.234375 0.234375 0.234375 0
0.230469 0.230469 0.230469 0
0.226563 0.226563 0.226563 0
0.222656 0.222656 0.222656 0
0.21875 0.21875 0.21875 0
0.21875 0.21875 0.21875 0
0.222656 0.222656 0.222656 0
0.226563 0.226563 0.226563 0
0.222656 0.222656 0.222656 0
0.210938 0.210938 0.210938 0
0.199219 0.199219 0.199219 0
0.191406 0.191406 0.191406 0
0.195313 0.195313 0.195313 0
0.203125 0.203125 0.203125 0
0.214844 0.214844 0.214844 0
0.214844 0.214844 0.214844 0
0.222656 0.222656 0.222656 0
0.222656 0.222656 0.222656 0
0.226563 0.226563 0.226563 0
0.230469 0.230469 0.230469 0
0.230469 0.230469 0.230469 0
0.230469 0.230469 0.230469 0
0.230469 0.230469 0.230469 0
0.230469 0.230469 0.230469 0
0.226563 0.226563 0.226563 0
0.222656 0.222656 0.222656 0
0.222656 0.222656 0.222656 0
0.222656 0.222656 0.222656 0
0.226563 0.226563 0.226563 0
0.222656 0.222656 0.222656 0
0.210938 0.210938 0.210938 0
0.199219 0.199219 0.199219 0
0.191406 0.191406 0.191406 0
0.191406 0.191406 0.191406 0
0.199219 0.199219 0.199219 0
0.214844 0.214844 0.214844 0
0.210938 0.210938 0.210938 0
0.214844 0.214844 0.214844 0
0.21875 0.21875 0.21875 0
0.222656 0.222656 0.222656 0
0.222656 0.222656 0.222656 0
0.222656 0.222656 0.222656 0
0.226563 0.226563 0.226563 0
0.234375 0.234375 0.234375 0
0.234375 0.234375 0.234375 0
0.234375 0.234375 0.234375 0
0.226563 0.226563 0.226563 0
0.21875 0.21875 0.21875 0
0.21875 0.21875 0.21875 0
0.21875 0.21875 0.21875 0
0.21875 0.21875 0.21875 0
0.214844 0.214844 0.214844 0
0.203125 0.203125 0.203125 0
0.195313 0.195313 0.195313 0
0.195313 0.195313 0.195313 0
0.203125 0.203125 0.203125 0
0.210938 0.210938 0.210938 0
0.210938 0.210938 0.210938 0
0.214844 0.214844 0.214844 0
0.21875 0.21875 0.21875 0
0.21875 0.21875 0.21875 0
0.21875 0.21875 0.21875 0
0.222656 0.222656 0.222656 0
0.222656 0.222656 0.222656 0
0.230469 0.230469 0.230469 0
0.238281 0.238281 0.238281 0
0.234375 0.234375 0.234375 0
0.226563 0.226563 0.226563 0
0.214844 0.214844 0.214844 0
0.210938 0.210938 0.210938 0
0.210938 0.210938 0.210938 0
0.214844 0.214844 0.214844 0
0.214844 0.214844 0.214844 0
0.207031 0.207031 0.207031 0
0.203125 0.203125 0.203125 0
0.207031 0.207031 0.207031 0
0.207031 0.207031 0.207031 0
0.207031 0.207031 0.207031 0
0.210938 0.210938 0.210938 0
0.21875 0.21875 0.21875 0
0.222656 0.222656 0.222656 0
0.222656 0.222656 0.222656 0
0.222656 0.222656 0.222656 0
0.222656 0.222656 0.222656 0
0.222656 0.222656 0.222656 0
0.226563 0.226563 0.226563 0
0.230469 0.230469 0.230469 0
0.226563 0.226563 0.226563 0
0.222656 0.222656 0.222656 0
0.214844 0.214844 0.214844 0
0.207031 0.207031 0.207031 0
0.210938 0.210938 0.210938 0
0.214844 0.214844 0.214844 0
0.214844 0.214844 0.214844 0
0.21875 0.21875 0.21875 0
0.21875 0.21875 0.21875 0
0.21875 0.21875 0.21875 0
0.214844 0.214844 0.214844 0
0.210938 0.210938 0.210938 0
0.21875 0.21875 0.21875 0
0.226563 0.226563 0.226563 0
0.230469 0.230469 0.230469 0
0.226563 0.226563 0.226563 0
0.222656 0.222656 0.222656 0
0.21875 0.21875 0.21875 0
0.21875 0.21875 0.21875 0
0.21875 0.21875 0.21875 0
0.21875 0.21875 0.21875 0
0.21875 0.21875 0.21875 0
0.21875 0.21875 0.21875 0
0.214844 0.214844 0.214844 0
0.214844 0.214844 0.214844 0
0.214844 0.214844 0.214844 0
0.214844 0.214844 0.214844 0
0.21875 0.21875 0.21875 0
0.222656 0.222656 0.222656 0
0.222656 0.222656 0.222656 0
0.222656 0.222656 0.222656 0
0.21875 0.21875 0.21875 0
0.222656 0.222656 0.222656 0
0.230469 0.230469 0.230469 0
0.234375 0.234375 0.234375 0
0.230469 0.230469 0.230469 0
0.222656 0.222656 0.222656 0
0.214844 0.214844 0.214844 0
0.207031 0.207031 0.207031 0
0.207031 0.207031 0.207031 0
0.210938 0.210938 0.210938 0
0.210938 0.210938 0.210938 0
0.214844 0.214844 0.214844 0
0.21875 0.21875 0.21875 0
0.222656 0.222656 0.222656 0
0.222656 0.222656 0.222656 0
0.222656 0.222656 0.222656 0
0.21875 0.21875 0.21875 0
0.21875 0.21875 0.21875 0
0.222656 0.222656 0.222656 0
0.222656 0.222656 0.222656 0
0.21875 0.21875 0.21875 0
0.210938 0.210938 0.210938 0
0.234375 0.234375 0.234375 0
0.238281 0.238281 0.238281 0
0.238281 0.238281 0.238281 0
0.226563 0.226563 0.226563 0
0.214844 0.214844 0.214844 0
0.207031 0.207031 0.207031 0
0.199219 0.199219 0.199219 0
0.203125 0.203125 0.203125 0
0.207031 0.207031 0.207031 0
0.207031 0.207031 0.207031 0
0.214844 0.214844 0.214844 0
0.222656 0.222656 0.222656 0
0.226563 0.226563 0.226563 0
0.226563 0.226563 0.226563 0
0.222656 0.222656 0.222656 0
0.21875 0.21875 0.21875 0
0.21875 0.21875 0.21875 0
0.21875 0.21875 0.21875 0
0.21875 0.21875 0.21875 0
0.214844 0.214844 0.214844 0
0.207031 0.207031 0.207031 0
0.242188 0.242188 0.242188 0
0.238281 0.238281 0.238281 0
0.234375 0.234375 0.234375 0
0.222656 0.222656 0.222656 0
0.210938 0.210938 0.210938 0
0.207031 0.207031 0.207031 0
0.207031 0.207031 0.207031 0
0.207031 0.207031 0.207031 0
0.210938 0.210938 0.210938 0
0.214844 0.214844 0.214844 0
0.21875 0.21875 0.21875 0
0.222656 0.222656 0.222656 0
0.226563 0.226563 0.226563 0
0.226563 0.226563 0.226563 0
0.222656 0.222656 0.222656 0
0.21875 0.21875 0.21875 0
0.21875 0.21875 0.21875 0
0.21875 0.21875 0.21875 0
0.214844 0.214844 0.214844 0
0.214844 0.214844 0.214844 0
0.210938 0.210938 0.210938 0
0.242188 0.242188 0.242188 0
0.234375 0.234375 0.234375 0
0.222656 0.222656 0.222656 0
0.21875 0.21875 0.21875 0
0.214844 0.214844 0.214844 0
0.214844 0.214844 0.214844 0
0.21875 0.21875 0.21875 0
0.21875 0.21875 0.21875 0
0.222656 0.222656 0.222656 0
0.222656 0.222656 0.222656 0
0.21875 0.21875 0.21875 0
0.21875 0.21875 0.21875 0
0.222656 0.222656 0.222656 0
0.222656 0.222656 0.222656 0
0.222656 0.222656 0.222656 0
0.222656 0.222656 0.222656 0
0.21875 0.21875 0.21875 0
0.214844 0.214844 0.214844 0
0.214844 0.214844 0.214844 0
0.210938 0.210938 0.210938 0
0.214844 0.214844 0.214844 0
0.238281 0.238281 0.238281 0
0.226563 0.226563 0.226563 0
0.214844 0.214844 0.214844 0
0.210938 0.210938 0.210938 0
0.214844 0.214844 0.214844 0
0.21875 0.21875 0.21875 0
0.222656 0.222656 0.222656 0
0.222656 0.222656 0.222656 0
0.21875 0.21875 0.21875 0
0.214844 0.214844 0.214844 0
0.214844 0.214844 0.214844 0
0.210938 0.210938 0.210938 0
0.214844 0.214844 0.214844 0
0.21875 0.21875 0.21875 0
0.222656 0.222656 0.222656 0
0.222656 0.222656 0.222656 0
0.21875 0.21875 0.21875 0
0.214844 0.214844 0.214844 0
0.210938 0.210938 0.210938 0
0.207031 0.207031 0.207031 0
0.210938 0.210938 0.210938 0
0.199219 0.199219 0.199219 0
0.199219 0.199219 0.199219 0
0.199219 0.199219 0.199219 0
0.195313 0.195313 0.195313 0
0.195313 0.195313 0.195313 0
0.195313 0.195313 0.195313 0
0.195313 0.195313 0.195313 0
0.203125 0.203125 0.203125 0
0.214844 0.214844 0.214844 0
0.226563 0.226563 0.226563 0
0.238281 0.238281 0.238281 0
0.238281 0.238281 0.238281 0
0.238281 0.238281 0.238281 0
0.238281 0.238281 0.238281 0
0.234375 0.234375 0.234375 0
0.226563 0.226563 0.226563 0
0.222656 0.222656 0.222656 0
0.222656 0.222656 0.222656 0
0.21875 0.21875 0.21875 0
0.214844 0.214844 0.214844 0
0.21875 0.21875 0.21875 0
0.222656 0.222656 0.222656 0
0.222656 0.222656 0.222656 0
0.222656 0.222656 0.222656 0
0.214844 0.214844 0.214844 0
0.207031 0.207031 0.207031 0
0.207031 0.207031 0.207031 0
0.207031 0.207031 0.207031 0
0.222656 0.222656 0.222656 0
0.238281 0.238281 0.238281 0
0.269531 0.269531 0.269531 0
0.195313 0.195313 0.195313 0
0.199219 0.199219 0.199219 0
0.203125 0.203125 0.203125 0
0.203125 0.203125 0.203125 0
0.199219 0.199219 0.199219 0
0.191406 0.191406 0.191406 0
0.191406 0.191406 0.191406 0
0.191406 0.191406 0.191406 0
0.203125 0.203125 0.203125 0
0.214844 0.214844 0.214844 0
0.222656 0.222656 0.222656 0
0.226563 0.226563 0.226563 0
0.226563 0.226563 0.226563 0
0.226563 0.226563 0.226563 0
0.226563 0.226563 0.226563 0
0.222656 0.222656 0.222656 0
0.222656 0.222656 0.222656 0
0.222656 0.222656 0.222656 0
0.21875 0.21875 0.21875 0
0.222656 0.222656 0.222656 0
0.222656 0.222656 0.222656 0
0.222656 0.222656 0.222656 0
0.222656 0.222656 0.222656 0
0.214844 0.214844 0.214844 0
0.210938 0.210938 0.210938 0
0.207031 0.207031 0.207031 0
0.207031 0.207031 0.207031 0
0.210938 0.210938 0.210938 0
0.226563 0.226563 0.226563 0
0.253906 0.253906 0.253906 0
0.300781 0.300781 0.300781 0
0.195313 0.195313 0.195313 0
0.195313 0.195313 0.195313 0
0.203125 0.203125 0.203125 0
0.207031 0.207031 0.207031 0
0.203125 0.203125 0.203125 0
0.195313 0.195313 0.195313 0
0.1875 0.1875 0.1875 0
0.1875 0.1875 0.1875 0
0.195313 0.195313 0.195313 0
0.207031 0.207031 0.207031 0
0.214844 0.214844 0.214844 0
0.21875 0.21875 0.21875 0
0.21875 0.21875 0.21875 0
0.21875 0.21875 0.21875 0
0.21875 0.21875 0.21875 0
0.222656 0.222656 0.222656 0
0.222656 0.222656 0.222656 0
0.222656 0.222656 0.222656 0
0.222656 0.222656 0.222656 0
0.222656 0.222656 0.222656 0
0.222656 0.222656 0.222656 0
0.21875 0.21875 0.21875 0
0.21875 0.21875 0.21875 0
0.214844 0.214844 0.214844 0
0.210938 0.210938 0.210938 0
0.210938 0.210938 0.210938 0
0.210938 0.210938 0.210938 0
0.21875 0.21875 0.21875 0
0.238281 0.238281 0.238281 0
0.273438 0.273438 0.273438 0
0.320313 0.320313 0.320313 0
0.195313 0.195313 0.195313 0
0.195313 0.195313 0.195313 0
0.203125 0.203125 0.203125 0
0.207031 0.207031 0.207031 0
0.203125 0.203125 0.203125 0
0.195313 0.195313 0.195313 0
0.1875 0.1875 0.1875 0
0.183594 0.183594 0.183594 0
0.191406 0.191406 0.191406 0
0.207031 0.207031 0.207031 0
0.214844 0.214844 0.214844 0
0.21875 0.21875 0.21875 0
0.21875 0.21875 0.21875 0
0.214844 0.214844 0.214844 0
0.214844 0.214844 0.214844 0
0.21875 0.21875 0.21875 0
0.222656 0.222656 0.222656 0
0.226563 0.226563 0.226563 0
0.226563 0.226563 0.226563 0
0.226563 0.226563 0.226563 0
0.222656 0.222656 0.222656 0
0.214844 0.214844 0.214844 0
0.214844 0.214844 0.214844 0
0.214844 0.214844 0.214844 0
0.214844 0.214844 0.214844 0
0.214844 0.214844 0.214844 0
0.21875 0.21875 0.21875 0
0.234375 0.234375 0.234375 0
0.253906 0.253906 0.253906 0
0.289063 0.289063 0.289063 0
0.332031 0.332031 0.332031 0
0.199219 0.199219 0.199219 0
0.195313 0.195313 0.195313 0
0.199219 0.199219 0.199219 0
0.203125 0.203125 0.203125 0
0.203125 0.203125 0.203125 0
0.195313 0.195313 0.195313 0
0.1875 0.1875 0.1875 0
0.183594 0.183594 0.183594 0
0.191406 0.191406 0.191406 0
0.203125 0.203125 0.203125 0
0.210938 0.210938 0.210938 0
0.21875 0.21875 0.21875 0
0.21875 0.21875 0.21875 0
0.214844 0.214844 0.214844 0
0.214844 0.214844 0.214844 0
0.21875 0.21875 0.21875 0
0.222656 0.222656 0.222656 0
0.226563 0.226563 0.226563 0
0.230469 0.230469 0.230469 0
0.226563 0.226563 0.226563 0
0.222656 0.222656 0.222656 0
0.214844 0.214844 0.214844 0
0.210938 0.210938 0.210938 0
0.214844 0.214844 0.214844 0
0.214844 0.214844 0.214844 0
0.214844 0.214844 0.214844 0
0.226563 0.226563 0.226563 0
0.242188 0.242188 0.242188 0
0.265625 0.265625 0.265625 0
0.296875 0.296875 0.296875 0
0.324219 0.324219 0.324219 0
0.214844 0.214844 0.214844 0
0.203125 0.203125 0.203125 0
0.203125 0.203125 0.203125 0
0.203125 0.203125 0.203125 0
0.203125 0.203125 0.203125 0
0.195313 0.195313 0.195313 0
0.191406 0.191406 0.191406 0
0.1875 0.1875 0.1875 0
0.1875 0.1875 0.1875 0
0.199219 0.199219 0.199219 0
0.207031 0.207031 0.207031 0
0.21875 0.21875 0.21875 0
0.222656 0.222656 0.222656 0
0.21875 0.21875 0.21875 0
0.21875 0.21875 0.21875 0
0.21875 0.21875 0.21875 0
0.222656 0.222656 0.222656 0
0.230469 0.230469 0.230469 0
0.230469 0.230469 0.230469 0
0.226563 0.226563 0.226563 0
0.222656 0.222656 0.222656 0
0.21875 0.21875 0.21875 0
0.214844 0.214844 0.214844 0
0.214844 0.214844 0.214844 0
0.210938 0.210938 0.210938 0
0.21875 0.21875 0.21875 0
0.230469 0.230469 0.230469 0
0.246094 0.246094 0.246094 0
0.269531 0.269531 0.269531 0
0.285156 0.285156 0.285156 0
0.300781 0.300781 0.300781 0
0.230469 0.230469 0.230469 0
0.210938 0.210938 0.210938 0
0.207031 0.207031 0.207031 0
0.203125 0.203125 0.203125 0
0.203125 0.203125 0.203125 0
0.199219 0.199219 0.199219 0
0.195313 0.195313 0.195313 0
0.195313 0.195313 0.195313 0
0.195313 0.195313 0.195313 0
0.203125 0.203125 0.203125 0
0.210938 0.210938 0.210938 0
0.222656 0.222656 0.222656 0
0.222656 0.222656 0.222656 0
0.222656 0.222656 0.222656 0
0.222656 0.222656 0.222656 0
0.222656 0.222656 0.222656 0
0.226563 0.226563 0.226563 0
0.230469 0.230469 0.230469 0
0.226563 0.226563 0.226563 0
0.222656 0.222656 0.222656 0
0.21875 0.21875 0.21875 0
0.21875 0.21875 0.21875 0
0.21875 0.21875 0.21875 0
0.222656 0.222656 0.222656 0
0.222656 0.222656 0.222656 0
0.222656 0.222656 0.222656 0
0.234375 0.234375 0.234375 0
0.246094 0.246094 0.246094 0
0.261719 0.261719 0.261719 0
0.273438 0.273438 0.273438 0
0.273438 0.273438 0.273438 0
0.25 0.25 0.25 0
0.21875 0.21875 0.21875 0
0.207031 0.207031 0.207031 0
0.207031 0.207031 0.207031 0
0.207031 0.207031 0.207031 0
0.203125 0.203125 0.203125 0
0.203125 0.203125 0.203125 0
0.203125 0.203125 0.203125 0
0.207031 0.207031 0.207031 0
0.214844 0.214844 0.214844 0
0.21875 0.21875 0.21875 0
0.222656 0.222656 0.222656 0
0.226563 0.226563 0.226563 0
0.230469 0.230469 0.230469 0
0.230469 0.230469 0.230469 0
0.230469 0.230469 0.230469 0
0.230469 0.230469 0.230469 0
0.230469 0.230469 0.230469 0
0.222656 0.222656 0.222656 0
0.21875 0.21875 0.21875 0
0.214844 0.214844 0.214844 0
0.214844 0.214844 0.214844 0
0.222656 0.222656 0.222656 0
0.230469 0.230469 0.230469 0
0.234375 0.234375 0.234375 0
0.234375 0.234375 0.234375 0
0.238281 0.238281 0.238281 0
0.242188 0.242188 0.242188 0
0.25 0.25 0.25 0
0.253906 0.253906 0.253906 0
0.253906 0.253906 0.253906 0
0.273438 0.273438 0.273438 0
0.230469 0.230469 0.230469 0
0.210938 0.210938 0.210938 0
0.207031 0.207031 0.207031 0
0.203125 0.203125 0.203125 0
0.203125 0.203125 0.203125 0
0.207031 0.207031 0.207031 0
0.210938 0.210938 0.210938 0
0.21875 0.21875 0.21875 0
0.222656 0.222656 0.222656 0
0.222656 0.222656 0.222656 0
0.222656 0.222656 0.222656 0
0.226563 0.226563 0.226563 0
0.230469 0.230469 0.230469 0
0.234375 0.234375 0.234375 0
0.234375 0.234375 0.234375 0
0.230469 0.230469 0.230469 0
0.230469 0.230469 0.230469 0
0.226563 0.226563 0.226563 0
0.21875 0.21875 0.21875 0
0.214844 0.214844 0.214844 0
0.214844 0.214844 0.214844 0
0.222656 0.222656 0.222656 0
0.234375 0.234375 0.234375 0
0.238281 0.238281 0.238281 0
0.238281 0.238281 0.238281 0
0.234375 0.234375 0.234375 0
0.234375 0.234375 0.234375 0
0.238281 0.238281 0.238281 0
0.242188 0.242188 0.242188 0
0.242188 0.242188 0.242188 0
0.308594 0.308594 0.308594 0
0.253906 0.253906 0.253906 0
0.222656 0.222656 0.222656 0
0.207031 0.207031 0.207031 0
0.203125 0.203125 0.203125 0
0.199219 0.199219 0.199219 0
0.207031 0.207031 0.207031 0
0.214844 0.214844 0.214844 0
0.222656 0.222656 0.222656 0
0.226563 0.226563 0.226563 0
0.222656 0.222656 0.222656 0
0.222656 0.222656 0.222656 0
0.222656 0.222656 0.222656 0
0.226563 0.226563 0.226563 0
0.230469 0.230469 0.230469 0
0.230469 0.230469 0.230469 0
0.234375 0.234375 0.234375 0
0.230469 0.230469 0.230469 0
0.226563 0.226563 0.226563 0
0.21875 0.21875 0.21875 0
0.214844 0.214844 0.214844 0
0.210938 0.210938 0.210938 0
0.21875 0.21875 0.21875 0
0.230469 0.230469 0.230469 0
0.234375 0.234375 0.234375 0
0.234375 0.234375 0.234375 0
0.226563 0.226563 0.226563 0
0.222656 0.222656 0.222656 0
0.226563 0.226563 0.226563 0
0.230469 0.230469 0.230469 0
0.234375 0.234375 0.234375 0
0.359375 0.359375 0.359375 0
0.300781 0.300781 0.300781 0
0.257813 0.257813 0.257813 0
0.234375 0.234375 0.234375 0
0.222656 0.222656 0.222656 0
0.210938 0.210938 0.210938 0
0.214844 0.214844 0.214844 0
0.21875 0.21875 0.21875 0
0.222656 0.222656 0.222656 0
0.226563 0.226563 0.226563 0
0.222656 0.222656 0.222656 0
0.21875 0.21875 0.21875 0
0.21875 0.21875 0.21875 0
0.222656 0.222656 0.222656 0
0.226563 0.226563 0.226563 0
0.230469 0.230469 0.230469 0
0.230469 0.230469 0.230469 0
0.226563 0.226563 0.226563 0
0.222656 0.222656 0.222656 0
0.21875 0.21875 0.21875 0
0.210938 0.210938 0.210938 0
0.207031 0.207031 0.207031 0
0.210938 0.210938 0.210938 0
0.222656 0.222656 0.222656 0
0.222656 0.222656 0.222656 0
0.222656 0.222656 0.222656 0
0.21875 0.21875 0.21875 0
0.214844 0.214844 0.214844 0
0.21875 0.21875 0.21875 0
0.222656 0.222656 0.222656 0
0.230469 0.230469 0.230469 0
0.367188 0.367188 0.367188 2
0.328125 0.328125 0.328125 2
0.308594 0.308594 0.308594 2
0.3125 0.3125 0.3125 2
0.335938 0.335938 0.335938 2
0.367188 0.367188 0.367188 2
0.394531 0.394531 0.394531 2
0.414063 0.414063 0.414063 2
0.421875 0.421875 0.421875 2
0.421875 0.421875 0.421875 2
0.417969 0.417969 0.417969 2
0.40625 0.40625 0.40625 2
0.390625 0.390625 0.390625 2
0.378906 0.378906 0.378906 2
0.375 0.375 0.375 2
0.378906 0.378906 0.378906 2
0.390625 0.390625 0.390625 2
0.40625 0.40625 0.40625 2
0.414063 0.414063 0.414063 2
0.417969 0.417969 0.417969 2
0.433594 0.433594 0.433594 2
0.453125 0.453125 0.453125 2
0.476563 0.476563 0.476563 2
0.492188 0.492188 0.492188 2
0.507813 0.507813 0.507813 2
0.519531 0.519531 0.519531 2
0.339844 0.339844 0.339844 2
0.308594 0.308594 0.308594 2
0.292969 0.292969 0.292969 2
0.300781 0.300781 0.300781 2
0.328125 0.328125 0.328125 2
0.355469 0.355469 0.355469 2
0.382813 0.382813 0.382813 2
0.394531 0.394531 0.394531 2
0.398438 0.398438 0.398438 2
0.394531 0.394531 0.394531 2
0.386719 0.386719 0.386719 2
0.375 0.375 0.375 2
0.367188 0.367188 0.367188 2
0.363281 0.363281 0.363281 2
0.371094 0.371094 0.371094 2
0.382813 0.382813 0.382813 2
0.402344 0.402344 0.402344 2
0.414063 0.414063 0.414063 2
0.425781 0.425781 0.425781 2
0.433594 0.433594 0.433594 2
0.449219 0.449219 0.449219 2
0.464844 0.464844 0.464844 2
0.476563 0.476563 0.476563 2
0.476563 0.476563 0.476563 2
0.480469 0.480469 0.480469 2
0.488281 0.488281 0.488281 2
0.316406 0.316406 0.316406 2
0.292969 0.292969 0.292969 2
0.285156 0.285156 0.285156 2
0.296875 0.296875 0.296875 2
0.320313 0.320313 0.320313 2
0.34375 0.34375 0.34375 2
0.359375 0.359375 0.359375 2
0.367188 0.367188 0.367188 2
0.363281 0.363281 0.363281 2
0.359375 0.359375 0.359375 2
0.359375 0.359375 0.359375 2
0.355469 0.355469 0.355469 2
0.355469 0.355469 0.355469 2
0.363281 0.363281 0.363281 2
0.378906 0.378906 0.378906 2
0.398438 0.398438 0.398438 2
0.414063 0.414063 0.414063 2
0.429688 0.429688 0.429688 2
0.4375 0.4375 0.4375 2
0.449219 0.449219 0.449219 2
0.457031 0.457031 0.457031 2
0.464844 0.464844 0.464844 2
0.46875 0.46875 0.46875 2
0.464844 0.464844 0.464844 2
0.457031 0.457031 0.457031 2
0.457031 0.457031 0.457031 2
0.300781 0.300781 0.300781 2
0.289063 0.289063 0.289063 2
0.289063 0.289063 0.289063 2
0.300781 0.300781 0.300781 2
0.320313 0.320313 0.320313 2
0.332031 0.332031 0.332031 2
0.335938 0.335938 0.335938 2
0.332031 0.332031 0.332031 2
0.328125 0.328125 0.328125 2
0.332031 0.332031 0.332031 2
0.339844 0.339844 0.339844 2
0.351563 0.351563 0.351563 2
0.363281 0.363281 0.363281 2
0.378906 0.378906 0.378906 2
0.394531 0.394531 0.394531 2
0.410156 0.410156 0.410156 2
0.425781 0.425781 0.425781 2
0.441406 0.441406 0.441406 2
0.449219 0.449219 0.449219 2
0.457031 0.457031 0.457031 2
0.460938 0.460938 0.460938 2
0.460938 0.460938 0.460938 2
0.457031 0.457031 0.457031 2
0.449219 0.449219 0.449219 2
0.441406 0.441406 0.441406 2
0.4375 0.4375 0.4375 2
0.285156 0.285156 0.285156 2
0.28125 0.28125 0.28125 2
0.289063 0.289063 0.289063 2
0.300781 0.300781 0.300781 2
0.3125 0.3125 0.3125 2
0.3125 0.3125 0.3125 2
0.3125 0.3125 0.3125 2
0.308594 0.308594 0.308594 2
0.308594 0.308594 0.308594 2
0.320313 0.320313 0.320313 2
0.339844 0.339844 0.339844 2
0.363281 0.363281 0.363281 2
0.382813 0.382813 0.382813 2
0.402344 0.402344 0.402344 2
0.414063 0.414063 0.414063 2
0.425781 0.425781 0.425781 2
0.433594 0.433594 0.433594 2
0.449219 0.449219 0.449219 2
0.457031 0.457031 0.457031 2
0.460938 0.460938 0.460938 2
0.453125 0.453125 0.453125 2
0.449219 0.449219 0.449219 2
0.441406 0.441406 0.441406 2
0.433594 0.433594 0.433594 2
0.425781 0.425781 0.425781 2
0.421875 0.421875 0.421875 2
0.269531 0.269531 0.269531 2
0.269531 0.269531 0.269531 2
0.277344 0.277344 0.277344 2
0.285156 0.285156 0.285156 2
0.289063 0.289063 0.289063 2
0.289063 0.289063 0.289063 2
0.289063 0.289063 0.289063 2
0.296875 0.296875 0.296875 2
0.308594 0.308594 0.308594 2
0.332031 0.332031 0.332031 2
0.359375 0.359375 0.359375 2
0.382813 0.382813 0.382813 2
0.40625 0.40625 0.40625 2
0.417969 0.417969 0.417969 2
0.425781 0.425781 0.425781 2
0.433594 0.433594 0.433594 2
0.4375 0.4375 0.4375 2
0.449219 0.449219 0.449219 2
0.453125 0.453125 0.453125 2
0.453125 0.453125 0.453125 2
0.445313 0.445313 0.445313 2
0.4375 0.4375 0.4375 2
0.425781 0.425781 0.425781 2
0.417969 0.417969 0.417969 2
0.410156 0.410156 0.410156 2
0.410156 0.410156 0.410156 2
0.25 0.25 0.25 2
0.253906 0.253906 0.253906 2
0.257813 0.257813 0.257813 2
0.261719 0.261719 0.261719 2
0.261719 0.261719 0.261719 2
0.269531 0.269531 0.269531 2
0.28125 0.28125 0.28125 2
0.300781 0.300781 0.300781 2
0.328125 0.328125 0.328125 2
0.359375 0.359375 0.359375 2
0.386719 0.386719 0.386719 2
0.40625 0.40625 0.40625 2
0.421875 0.421875 0.421875 2
0.429688 0.429688 0.429688 2
0.429688 0.429688 0.429688 2
0.433594 0.433594 0.433594 2
0.441406 0.441406 0.441406 2
0.449219 0.449219 0.449219 2
0.449219 0.449219 0.449219 2
0.449219 0.449219 0.449219 2
0.4375 0.4375 0.4375 2
0.425781 0.425781 0.425781 2
0.414063 0.414063 0.414063 2
0.40625 0.40625 0.40625 2
0.398438 0.398438 0.398438 2
0.398438 0.398438 0.398438 2
0.238281 0.238281 0.238281 2
0.238281 0.238281 0.238281 2
0.238281 0.238281 0.238281 2
0.238281 0.238281 0.238281 2
0.238281 0.238281 0.238281 2
0.253906 0.253906 0.253906 2
0.28125 0.28125 0.28125 2
0.316406 0.316406 0.316406 2
0.351563 0.351563 0.351563 2
0.382813 0.382813 0.382813 2
0.410156 0.410156 0.410156 2
0.425781 0.425781 0.425781 2
0.433594 0.433594 0.433594 2
0.433594 0.433594 0.433594 2
0.433594 0.433594 0.433594 2
0.4375 0.4375 0.4375 2
0.449219 0.449219 0.449219 2
0.453125 0.453125 0.453125 2
0.449219 0.449219 0.449219 2
0.441406 0.441406 0.441406 2
0.433594 0.433594 0.433594 2
0.417969 0.417969 0.417969 2
0.40625 0.40625 0.40625 2
0.394531 0.394531 0.394531 2
0.390625 0.390625 0.390625 2
0.394531 0.394531 0.394531 2
0.226563 0.226563 0.226563 2
0.222656 0.222656 0.222656 2
0.222656 0.222656 0.222656 2
0.21875 0.21875 0.21875 2
0.226563 0.226563 0.226563 2
0.257813 0.257813 0.257813 2
0.300781 0.300781 0.300781 2
0.339844 0.339844 0.339844 2
0.375 0.375 0.375 2
0.402344 0.402344 0.402344 2
0.421875 0.421875 0.421875 2
0.433594 0.433594 0.433594 2
0.441406 0.441406 0.441406 2
0.441406 0.441406 0.441406 2
0.441406 0.441406 0.441406 2
0.449219 0.449219 0.449219 2
0.453125 0.453125 0.453125 2
0.457031 0.457031 0.457031 2
0.449219 0.449219 0.449219 2
0.441406 0.441406 0.441406 2
0.425781 0.425781 0.425781 2
0.414063 0.414063 0.414063 2
0.40625 0.40625 0.40625 2
0.394531 0.394531 0.394531 2
0.394531 0.394531 0.394531 2
0.398438 0.398438 0.398438 2
0.207031 0.207031 0.207031 2
0.207031 0.207031 0.207031 2
0.207031 0.207031 0.207031 2
0.214844 0.214844 0.214844 2
0.238281 0.238281 0.238281 2
0.28125 0.28125 0.28125 2
0.324219 0.324219 0.324219 2
0.359375 0.359375 0.359375 2
0.386719 0.386719 0.386719 2
0.40625 0.40625 0.40625 2
0.421875 0.421875 0.421875 2
0.433594 0.433594 0.433594 2
0.441406 0.441406 0.441406 2
0.445313 0.445313 0.445313 2
0.449219 0.449219 0.449219 2
0.457031 0.457031 0.457031 2
0.460938 0.460938 0.460938 2
0.460938 0.460938 0.460938 2
0.449219 0.449219 0.449219 2
0.4375 0.4375 0.4375 2
0.425781 0.425781 0.425781 2
0.414063 0.414063 0.414063 2
0.40625 0.40625 0.40625 2
0.40625 0.40625 0.40625 2
0.40625 0.40625 0.40625 2
0.40625 0.40625 0.40625 2
0.191406 0.191406 0.191406 2
0.191406 0.191406 0.191406 2
0.199219 0.199219 0.199219 2
0.226563 0.226563 0.226563 2
0.265625 0.265625 0.265625 2
0.3125 0.3125 0.3125 2
0.355469 0.355469 0.355469 2
0.382813 0.382813 0.382813 2
0.394531 0.394531 0.394531 2
0.40625 0.40625 0.40625 2
0.417969 0.417969 0.417969 2
0.433594 0.433594 0.433594 2
0.441406 0.441406 0.441406 2
0.449219 0.449219 0.449219 2
0.457031 0.457031 0.457031 2
0.460938 0.460938 0.460938 2
0.460938 0.460938 0.460938 2
0.453125 0.453125 0.453125 2
0.445313 0.445313 0.445313 2
0.433594 0.433594 0.433594 2
0.425781 0.425781 0.425781 2
0.417969 0.417969 0.417969 2
0.414063 0.414063 0.414063 2
0.414063 0.414063 0.414063 2
0.414063 0.414063 0.414063 2
0.410156 0.410156 0.410156 2
0.175781 0.175781 0.175781 2
0.183594 0.183594 0.183594 2
0.207031 0.207031 0.207031 2
0.253906 0.253906 0.253906 2
0.304688 0.304688 0.304688 2
0.351563 0.351563 0.351563 2
0.386719 0.386719 0.386719 2
0.402344 0.402344 0.402344 2
0.40625 0.40625 0.40625 2
0.410156 0.410156 0.410156 2
0.417969 0.417969 0.417969 2
0.433594 0.433594 0.433594 2
0.445313 0.445313 0.445313 2
0.457031 0.457031 0.457031 2
0.460938 0.460938 0.460938 2
0.457031 0.457031 0.457031 2
0.449219 0.449219 0.449219 2
0.441406 0.441406 0.441406 2
0.433594 0.433594 0.433594 2
0.429688 0.429688 0.429688 2
0.425781 0.425781 0.425781 2
0.421875 0.421875 0.421875 2
0.417969 0.417969 0.417969 2
0.417969 0.417969 0.417969 2
0.414063 0.414063 0.414063 2
0.402344 0.402344 0.402344 2
0.167969 0.167969 0.167969 2
0.191406 0.191406 0.191406 2
0.230469 0.230469 0.230469 2
0.285156 0.285156 0.285156 2
0.339844 0.339844 0.339844 2
0.382813 0.382813 0.382813 2
0.40625 0.40625 0.40625 2
0.417969 0.417969 0.417969 2
0.417969 0.417969 0.417969 2
0.421875 0.421875 0.421875 2
0.429688 0.429688 0.429688 2
0.441406 0.441406 0.441406 2
0.453125 0.453125 0.453125 2
0.464844 0.464844 0.464844 2
0.46875 0.46875 0.46875 2
0.457031 0.457031 0.457031 2
0.445313 0.445313 0.445313 2
0.433594 0.433594 0.433594 2
0.429688 0.429688 0.429688 2
0.429688 0.429688 0.429688 2
0.429688 0.429688 0.429688 2
0.429688 0.429688 0.429688 2
0.421875 0.421875 0.421875 2
0.417969 0.417969 0.417969 2
0.410156 0.410156 0.410156 2
0.394531 0.394531 0.394531 2
0.175781 0.175781 0.175781 2
0.207031 0.207031 0.207031 2
0.257813 0.257813 0.257813 2
0.3125 0.3125 0.3125 2
0.363281 0.363281 0.363281 2
0.398438 0.398438 0.398438 2
0.417969 0.417969 0.417969 2
0.425781 0.425781 0.425781 2
0.429688 0.429688 0.429688 2
0.4375 0.4375 0.4375 2
0.449219 0.449219 0.449219 2
0.460938 0.460938 0.460938 2
0.472656 0.472656 0.472656 2
0.480469 0.480469 0.480469 2
0.480469 0.480469 0.480469 2
0.464844 0.464844 0.464844 2
0.453125 0.453125 0.453125 2
0.441406 0.441406 0.441406 2
0.4375 0.4375 0.4375 2
0.4375 0.4375 0.4375 2
0.4375 0.4375 0.4375 2
0.433594 0.433594 0.433594 2
0.425781 0.425781 0.425781 2
0.417969 0.417969 0.417969 2
0.410156 0.410156 0.410156 2
0.394531 0.394531 0.394531 2
0.199219 0.199219 0.199219 2
0.238281 0.238281 0.238281 2
0.289063 0.289063 0.289063 2
0.339844 0.339844 0.339844 2
0.378906 0.378906 0.378906 2
0.40625 0.40625 0.40625 2
0.417969 0.417969 0.417969 2
0.429688 0.429688 0.429688 2
0.4375 0.4375 0.4375 2
0.449219 0.449219 0.449219 2
0.46875 0.46875 0.46875 2
0.480469 0.480469 0.480469 2
0.492188 0.492188 0.492188 2
0.496094 0.496094 0.496094 2
0.488281 0.488281 0.488281 2
0.480469 0.480469 0.480469 2
0.464844 0.464844 0.464844 2
0.457031 0.457031 0.457031 2
0.449219 0.449219 0.449219 2
0.449219 0.449219 0.449219 2
0.445313 0.445313 0.445313 2
0.441406 0.441406 0.441406 2
0.433594 0.433594 0.433594 2
0.425781 0.425781 0.425781 2
0.417969 0.417969 0.417969 2
0.40625 0.40625 0.40625 2
0.234375 0.234375 0.234375 2
0.277344 0.277344 0.277344 2
0.324219 0.324219 0.324219 2
0.359375 0.359375 0.359375 2
0.390625 0.390625 0.390625 2
0.414063 0.414063 0.414063 2
0.425781 0.425781 0.425781 2
0.433594 0.433594 0.433594 2
0.445313 0.445313 0.445313 2
0.464844 0.464844 0.464844 2
0.480469 0.480469 0.480469 2
0.496094 0.496094 0.496094 2
0.503906 0.503906 0.503906 2
0.503906 0.503906 0.503906 2
0.496094 0.496094 0.496094 2
0.488281 0.488281 0.488281 2
0.480469 0.480469 0.480469 2
0.46875 0.46875 0.46875 2
0.464844 0.464844 0.464844 2
0.457031 0.457031 0.457031 2
0.449219 0.449219 0.449219 2
0.445313 0.445313 0.445313 2
0.441406 0.441406 0.441406 2
0.433594 0.433594 0.433594 2
0.429688 0.429688 0.429688 2
0.421875 0.421875 0.421875 2
0.277344 0.277344 0.277344 2
0.316406 0.316406 0.316406 2
0.351563 0.351563 0.351563 2
0.378906 0.378906 0.378906 2
0.402344 0.402344 0.402344 2
0.417969 0.417969 0.417969 2
0.433594 0.433594 0.433594 2
0.441406 0.441406 0.441406 2
0.449219 0.449219 0.449219 2
0.464844 0.464844 0.464844 2
0.484375 0.484375 0.484375 2
0.496094 0.496094 0.496094 2
0.503906 0.503906 0.503906 2
0.503906 0.503906 0.503906 2
0.496094 0.496094 0.496094 2
0.484375 0.484375 0.484375 2
0.480469 0.480469 0.480469 2
0.472656 0.472656 0.472656 2
0.464844 0.464844 0.464844 2
0.457031 0.457031 0.457031 2
0.449219 0.449219 0.449219 2
0.441406 0.441406 0.441406 2
0.4375 0.4375 0.4375 2
0.4375 0.4375 0.4375 2
0.433594 0.433594 0.433594 2
0.433594 0.433594 0.433594 2
0.308594 0.308594 0.308594 2
0.34375 0.34375 0.34375 2
0.375 0.375 0.375 2
0.390625 0.390625 0.390625 2
0.410156 0.410156 0.410156 2
0.421875 0.421875 0.421875 2
0.4375 0.4375 0.4375 2
0.445313 0.445313 0.445313 2
0.449219 0.449219 0.449219 2
0.460938 0.460938 0.460938 2
0.472656 0.472656 0.472656 2
0.484375 0.484375 0.484375 2
0.492188 0.492188 0.492188 2
0.488281 0.488281 0.488281 2
0.480469 0.480469 0.480469 2
0.46875 0.46875 0.46875 2
0.460938 0.460938 0.460938 2
0.457031 0.457031 0.457031 2
0.453125 0.453125 0.453125 2
0.449219 0.449219 0.449219 2
0.441406 0.441406 0.441406 2
0.433594 0.433594 0.433594 2
0.429688 0.429688 0.429688 2
0.425781 0.425781 0.425781 2
0.429688 0.429688 0.429688 2
0.433594 0.433594 0.433594 2
0.328125 0.328125 0.328125 2
0.363281 0.363281 0.363281 2
0.386719 0.386719 0.386719 2
0.402344 0.402344 0.402344 2
0.414063 0.414063 0.414063 2
0.425781 0.425781 0.425781 2
0.4375 0.4375 0.4375 2
0.441406 0.441406 0.441406 2
0.445313 0.445313 0.445313 2
0.445313 0.445313 0.445313 2
0.449219 0.449219 0.449219 2
0.460938 0.460938 0.460938 2
0.464844 0.464844 0.464844 2
0.464844 0.464844 0.464844 2
0.453125 0.453125 0.453125 2
0.445313 0.445313 0.445313 2
0.433594 0.433594 0.433594 2
0.433594 0.433594 0.433594 2
0.433594 0.433594 0.433594 2
0.433594 0.433594 0.433594 2
0.425781 0.425781 0.425781 2
0.417969 0.417969 0.417969 2
0.414063 0.414063 0.414063 2
0.414063 0.414063 0.414063 2
0.417969 0.417969 0.417969 2
0.429688 0.429688 0.429688 2
0.328125 0.328125 0.328125 2
0.367188 0.367188 0.367188 2
0.394531 0.394531 0.394531 2
0.410156 0.410156 0.410156 2
0.417969 0.417969 0.417969 2
0.429688 0.429688 0.429688 2
0.433594 0.433594 0.433594 2
0.433594 0.433594 0.433594 2
0.429688 0.429688 0.429688 2
0.425781 0.425781 0.425781 2
0.425781 0.425781 0.425781 2
0.433594 0.433594 0.433594 2
0.433594 0.433594 0.433594 2
0.433594 0.433594 0.433594 2
0.425781 0.425781 0.425781 2
0.417969 0.417969 0.417969 2
0.410156 0.410156 0.410156 2
0.40625 0.40625 0.40625 2
0.410156 0.410156 0.410156 2
0.40625 0.40625 0.40625 2
0.40625 0.40625 0.40625 2
0.402344 0.402344 0.402344 2
0.398438 0.398438 0.398438 2
0.402344 0.402344 0.402344 2
0.414063 0.414063 0.414063 2
0.425781 0.425781 0.425781 2
0.320313 0.320313 0.320313 2
0.363281 0.363281 0.363281 2
0.394531 0.394531 0.394531 2
0.414063 0.414063 0.414063 2
0.425781 0.425781 0.425781 2
0.425781 0.425781 0.425781 2
0.425781 0.425781 0.425781 2
0.417969 0.417969 0.417969 2
0.410156 0.410156 0.410156 2
0.402344 0.402344 0.402344 2
0.402344 0.402344 0.402344 2
0.402344 0.402344 0.402344 2
0.40625 0.40625 0.40625 2
0.40625 0.40625 0.40625 2
0.398438 0.398438 0.398438 2
0.394531 0.394531 0.394531 2
0.390625 0.390625 0.390625 2
0.390625 0.390625 0.390625 2
0.390625 0.390625 0.390625 2
0.390625 0.390625 0.390625 2
0.390625 0.390625 0.390625 2
0.390625 0.390625 0.390625 2
0.390625 0.390625 0.390625 2
0.40625 0.40625 0.40625 2
0.421875 0.421875 0.421875 2
0.441406 0.441406 0.441406 2
0.316406 0.316406 0.316406 2
0.359375 0.359375 0.359375 2
0.394531 0.394531 0.394531 2
0.414063 0.414063 0.414063 2
0.425781 0.425781 0.425781 2
0.421875 0.421875 0.421875 2
0.414063 0.414063 0.414063 2
0.398438 0.398438 0.398438 2
0.382813 0.382813 0.382813 2
0.375 0.375 0.375 2
0.375 0.375 0.375 2
0.378906 0.378906 0.378906 2
0.378906 0.378906 0.378906 2
0.378906 0.378906 0.378906 2
0.375 0.375 0.375 2
0.375 0.375 0.375 2
0.375 0.375 0.375 2
0.378906 0.378906 0.378906 2
0.382813 0.382813 0.382813 2
0.382813 0.382813 0.382813 2
0.382813 0.382813 0.382813 2
0.386719 0.386719 0.386719 2
0.402344 0.402344 0.402344 2
0.421875 0.421875 0.421875 2
0.449219 0.449219 0.449219 2
0.476563 0.476563 0.476563 2
0.3125 0.3125 0.3125 2
0.355469 0.355469 0.355469 2
0.386719 0.386719 0.386719 2
0.40625 0.40625 0.40625 2
0.417969 0.417969 0.417969 2
0.410156 0.410156 0.410156 2
0.390625 0.390625 0.390625 2
0.371094 0.371094 0.371094 2
0.351563 0.351563 0.351563 2
0.34375 0.34375 0.34375 2
0.351563 0.351563 0.351563 2
0.359375 0.359375 0.359375 2
0.363281 0.363281 0.363281 2
0.359375 0.359375 0.359375 2
0.359375 0.359375 0.359375 2
0.363281 0.363281 0.363281 2
0.371094 0.371094 0.371094 2
0.378906 0.378906 0.378906 2
0.386719 0.386719 0.386719 2
0.390625 0.390625 0.390625 2
0.394531 0.394531 0.394531 2
0.40625 0.40625 0.40625 2
0.425781 0.425781 0.425781 2
0.453125 0.453125 0.453125 2
0.484375 0.484375 0.484375 2
0.515625 0.515625 0.515625 2
0.304688 0.304688 0.304688 2
0.34375 0.34375 0.34375 2
0.375 0.375 0.375 2
0.390625 0.390625 0.390625 2
0.394531 0.394531 0.394531 2
0.378906 0.378906 0.378906 2
0.359375 0.359375 0.359375 2
0.335938 0.335938 0.335938 2
0.324219 0.324219 0.324219 2
0.328125 0.328125 0.328125 2
0.335938 0.335938 0.335938 2
0.347656 0.347656 0.347656 2
0.355469 0.355469 0.355469 2
0.359375 0.359375 0.359375 2
0.359375 0.359375 0.359375 2
0.367188 0.367188 0.367188 2
0.375 0.375 0.375 2
0.386719 0.386719 0.386719 2
0.398438 0.398438 0.398438 2
0.40625 0.40625 0.40625 2
0.421875 0.421875 0.421875 2
0.441406 0.441406 0.441406 2
0.464844 0.464844 0.464844 2
0.496094 0.496094 0.496094 2
0.523438 0.523438 0.523438 2
0.546875 0.546875 0.546875 2
0.289063 0.289063 0.289063 2
0.328125 0.328125 0.328125 2
0.359375 0.359375 0.359375 2
0.367188 0.367188 0.367188 2
0.359375 0.359375 0.359375 2
0.34375 0.34375 0.34375 2
0.324219 0.324219 0.324219 2
0.3125 0.3125 0.3125 2
0.3125 0.3125 0.3125 2
0.324219 0.324219 0.324219 2
0.339844 0.339844 0.339844 2
0.351563 0.351563 0.351563 2
0.359375 0.359375 0.359375 2
0.367188 0.367188 0.367188 2
0.375 0.375 0.375 2
0.382813 0.382813 0.382813 2
0.394531 0.394531 0.394531 2
0.410156 0.410156 0.410156 2
0.421875 0.421875 0.421875 2
0.4375 0.4375 0.4375 2
0.457031 0.457031 0.457031 2
0.480469 0.480469 0.480469 2
0.503906 0.503906 0.503906 2
0.527344 0.527344 0.527344 2
0.546875 0.546875 0.546875 2
0.5625 0.5625 0.5625 2
0.273438 0.273438 0.273438 2
0.308594 0.308594 0.308594 2
0.332031 0.332031 0.332031 2
0.332031 0.332031 0.332031 2
0.316406 0.316406 0.316406 2
0.300781 0.300781 0.300781 2
0.300781 0.300781 0.300781 2
0.308594 0.308594 0.308594 2
0.328125 0.328125 0.328125 2
0.34375 0.34375 0.34375 2
0.355469 0.355469 0.355469 2
0.367188 0.367188 0.367188 2
0.375 0.375 0.375 2
0.386719 0.386719 0.386719 2
0.398438 0.398438 0.398438 2
0.410156 0.410156 0.410156 2
0.425781 0.425781 0.425781 2
0.441406 0.441406 0.441406 2
0.460938 0.460938 0.460938 2
0.476563 0.476563 0.476563 2
0.496094 0.496094 0.496094 2
0.511719 0.511719 0.511719 2
0.527344 0.527344 0.527344 2
0.542969 0.542969 0.542969 2
0.554688 0.554688 0.554688 2
0.5625 0.5625 0.5625 2
