Image IRM - (285 250 - 310 275) : 2 - (100 100 - 125 125) : 0 - (215 285 - 230 305) : 1 - (245 200 - 255 230) : 1 - (325 350 - 350 375) : 3
3
4
0.707031 0.707031 0.707031 2
0.707031 0.707031 0.707031 2
0.703125 0.703125 0.703125 2
0.699219 0.699219 0.699219 2
0.695313 0.695313 0.695313 2
0.691406 0.691406 0.691406 2
0.683594 0.683594 0.683594 2
0.683594 0.683594 0.683594 2
0.6875 0.6875 0.6875 2
0.6875 0.6875 0.6875 2
0.683594 0.683594 0.683594 2
0.675781 0.675781 0.675781 2
0.664063 0.664063 0.664063 2
0.660156 0.660156 0.660156 2
0.65625 0.65625 0.65625 2
0.648438 0.648438 0.648438 2
0.648438 0.648438 0.648438 2
0.648438 0.648438 0.648438 2
0.65625 0.65625 0.65625 2
0.664063 0.664063 0.664063 2
0.671875 0.671875 0.671875 2
0.675781 0.675781 0.675781 2
0.667969 0.667969 0.667969 2
0.648438 0.648438 0.648438 2
0.625 0.625 0.625 2
0.597656 0.597656 0.597656 2
0.707031 0.707031 0.707031 2
0.703125 0.703125 0.703125 2
0.703125 0.703125 0.703125 2
0.707031 0.707031 0.707031 2
0.707031 0.707031 0.707031 2
0.699219 0.699219 0.699219 2
0.691406 0.691406 0.691406 2
0.6875 0.6875 0.6875 2
0.683594 0.683594 0.683594 2
0.683594 0.683594 0.683594 2
0.679688 0.679688 0.679688 2
0.671875 0.671875 0.671875 2
0.664063 0.664063 0.664063 2
0.660156 0.660156 0.660156 2
0.65625 0.65625 0.65625 2
0.65625 0.65625 0.65625 2
0.65625 0.65625 0.65625 2
0.65625 0.65625 0.65625 2
0.664063 0.664063 0.664063 2
0.671875 0.671875 0.671875 2
0.679688 0.679688 0.679688 2
0.679688 0.679688 0.679688 2
0.675781 0.675781 0.675781 2
0.664063 0.664063 0.664063 2
0.644531 0.644531 0.644531 2
0.621094 0.621094 0.621094 2
0.707031 0.707031 0.707031 2
0.703125 0.703125 0.703125 2
0.699219 0.699219 0.699219 2
0.703125 0.703125 0.703125 2
0.703125 0.703125 0.703125 2
0.699219 0.699219 0.699219 2
0.691406 0.691406 0.691406 2
0.683594 0.683594 0.683594 2
0.675781 0.675781 0.675781 2
0.675781 0.675781 0.675781 2
0.675781 0.675781 0.675781 2
0.671875 0.671875 0.671875 2
0.664063 0.664063 0.664063 2
0.660156 0.660156 0.660156 2
0.660156 0.660156 0.660156 2
0.660156 0.660156 0.660156 2
0.660156 0.660156 0.660156 2
0.667969 0.667969 0.667969 2
0.671875 0.671875 0.671875 2
0.679688 0.679688 0.679688 2
0.683594 0.683594 0.683594 2
0.679688 0.679688 0.679688 2
0.675781 0.675781 0.675781 2
0.667969 0.667969 0.667969 2
0.660156 0.660156 0.660156 2
0.644531 0.644531 0.644531 2
0.707031 0.707031 0.707031 2
0.699219 0.699219 0.699219 2
0.699219 0.699219 0.699219 2
0.699219 0.699219 0.699219 2
0.699219 0.699219 0.699219 2
0.695313 0.695313 0.695313 2
0.691406 0.691406 0.691406 2
0.679688 0.679688 0.679688 2
0.675781 0.675781 0.675781 2
0.679688 0.679688 0.679688 2
0.679688 0.679688 0.679688 2
0.679688 0.679688 0.679688 2
0.675781 0.675781 0.675781 2
0.671875 0.671875 0.671875 2
0.671875 0.671875 0.671875 2
0.671875 0.671875 0.671875 2
0.675781 0.675781 0.675781 2
0.679688 0.679688 0.679688 2
0.683594 0.683594 0.683594 2
0.6875 0.6875 0.6875 2
0.6875 0.6875 0.6875 2
0.679688 0.679688 0.679688 2
0.675781 0.675781 0.675781 2
0.671875 0.671875 0.671875 2
0.664063 0.664063 0.664063 2
0.660156 0.660156 0.660156 2
0.703125 0.703125 0.703125 2
0.703125 0.703125 0.703125 2
0.703125 0.703125 0.703125 2
0.703125 0.703125 0.703125 2
0.703125 0.703125 0.703125 2
0.699219 0.699219 0.699219 2
0.691406 0.691406 0.691406 2
0.6875 0.6875 0.6875 2
0.683594 0.683594 0.683594 2
0.6875 0.6875 0.6875 2
0.691406 0.691406 0.691406 2
0.691406 0.691406 0.691406 2
0.691406 0.691406 0.691406 2
0.6875 0.6875 0.6875 2
0.683594 0.683594 0.683594 2
0.6875 0.6875 0.6875 2
0.691406 0.691406 0.691406 2
0.695313 0.695313 0.695313 2
0.699219 0.699219 0.699219 2
0.699219 0.699219 0.699219 2
0.691406 0.691406 0.691406 2
0.6875 0.6875 0.6875 2
0.679688 0.679688 0.679688 2
0.675781 0.675781 0.675781 2
0.675781 0.675781 0.675781 2
0.671875 0.671875 0.671875 2
0.703125 0.703125 0.703125 2
0.707031 0.707031 0.707031 2
0.707031 0.707031 0.707031 2
0.707031 0.707031 0.707031 2
0.707031 0.707031 0.707031 2
0.703125 0.703125 0.703125 2
0.699219 0.699219 0.699219 2
0.695313 0.695313 0.695313 2
0.691406 0.691406 0.691406 2
0.691406 0.691406 0.691406 2
0.695313 0.695313 0.695313 2
0.699219 0.699219 0.699219 2
0.699219 0.699219 0.699219 2
0.695313 0.695313 0.695313 2
0.695313 0.695313 0.695313 2
0.699219 0.699219 0.699219 2
0.703125 0.703125 0.703125 2
0.707031 0.707031 0.707031 2
0.707031 0.707031 0.707031 2
0.707031 0.707031 0.707031 2
0.699219 0.699219 0.699219 2
0.691406 0.691406 0.691406 2
0.683594 0.683594 0.683594 2
0.683594 0.683594 0.683594 2
0.683594 0.683594 0.683594 2
0.6875 0.6875 0.6875 2
0.707031 0.707031 0.707031 2
0.707031 0.707031 0.707031 2
0.707031 0.707031 0.707031 2
0.707031 0.707031 0.707031 2
0.707031 0.707031 0.707031 2
0.707031 0.707031 0.707031 2
0.707031 0.707031 0.707031 2
0.703125 0.703125 0.703125 2
0.695313 0.695313 0.695313 2
0.695313 0.695313 0.695313 2
0.695313 0.695313 0.695313 2
0.695313 0.695313 0.695313 2
0.695313 0.695313 0.695313 2
0.695313 0.695313 0.695313 2
0.699219 0.699219 0.699219 2
0.703125 0.703125 0.703125 2
0.707031 0.707031 0.707031 2
0.707031 0.707031 0.707031 2
0.710938 0.710938 0.710938 2
0.710938 0.710938 0.710938 2
0.707031 0.707031 0.707031 2
0.695313 0.695313 0.695313 2
0.691406 0.691406 0.691406 2
0.6875 0.6875 0.6875 2
0.691406 0.691406 0.691406 2
0.699219 0.699219 0.699219 2
0.714844 0.714844 0.714844 2
0.710938 0.710938 0.710938 2
0.707031 0.707031 0.707031 2
0.707031 0.707031 0.707031 2
0.707031 0.707031 0.707031 2
0.707031 0.707031 0.707031 2
0.707031 0.707031 0.707031 2
0.707031 0.707031 0.707031 2
0.703125 0.703125 0.703125 2
0.695313 0.695313 0.695313 2
0.691406 0.691406 0.691406 2
0.691406 0.691406 0.691406 2
0.691406 0.691406 0.691406 2
0.691406 0.691406 0.691406 2
0.699219 0.699219 0.699219 2
0.703125 0.703125 0.703125 2
0.707031 0.707031 0.707031 2
0.707031 0.707031 0.707031 2
0.707031 0.707031 0.707031 2
0.710938 0.710938 0.710938 2
0.707031 0.707031 0.707031 2
0.703125 0.703125 0.703125 2
0.695313 0.695313 0.695313 2
0.695313 0.695313 0.695313 2
0.699219 0.699219 0.699219 2
0.707031 0.707031 0.707031 2
0.71875 0.71875 0.71875 2
0.710938 0.710938 0.710938 2
0.707031 0.707031 0.707031 2
0.707031 0.707031 0.707031 2
0.710938 0.710938 0.710938 2
0.710938 0.710938 0.710938 2
0.710938 0.710938 0.710938 2
0.707031 0.707031 0.707031 2
0.703125 0.703125 0.703125 2
0.695313 0.695313 0.695313 2
0.691406 0.691406 0.691406 2
0.691406 0.691406 0.691406 2
0.691406 0.691406 0.691406 2
0.691406 0.691406 0.691406 2
0.699219 0.699219 0.699219 2
0.703125 0.703125 0.703125 2
0.707031 0.707031 0.707031 2
0.707031 0.707031 0.707031 2
0.707031 0.707031 0.707031 2
0.707031 0.707031 0.707031 2
0.707031 0.707031 0.707031 2
0.707031 0.707031 0.707031 2
0.707031 0.707031 0.707031 2
0.703125 0.703125 0.703125 2
0.703125 0.703125 0.703125 2
0.707031 0.707031 0.707031 2
0.730469 0.730469 0.730469 2
0.722656 0.722656 0.722656 2
0.714844 0.714844 0.714844 2
0.714844 0.714844 0.714844 2
0.714844 0.714844 0.714844 2
0.714844 0.714844 0.714844 2
0.710938 0.710938 0.710938 2
0.707031 0.707031 0.707031 2
0.703125 0.703125 0.703125 2
0.699219 0.699219 0.699219 2
0.695313 0.695313 0.695313 2
0.691406 0.691406 0.691406 2
0.691406 0.691406 0.691406 2
0.695313 0.695313 0.695313 2
0.703125 0.703125 0.703125 2
0.707031 0.707031 0.707031 2
0.707031 0.707031 0.707031 2
0.707031 0.707031 0.707031 2
0.703125 0.703125 0.703125 2
0.703125 0.703125 0.703125 2
0.707031 0.707031 0.707031 2
0.710938 0.710938 0.710938 2
0.714844 0.714844 0.714844 2
0.710938 0.710938 0.710938 2
0.707031 0.707031 0.707031 2
0.703125 0.703125 0.703125 2
0.746094 0.746094 0.746094 2
0.738281 0.738281 0.738281 2
0.730469 0.730469 0.730469 2
0.71875 0.71875 0.71875 2
0.714844 0.714844 0.714844 2
0.714844 0.714844 0.714844 2
0.714844 0.714844 0.714844 2
0.710938 0.710938 0.710938 2
0.707031 0.707031 0.707031 2
0.703125 0.703125 0.703125 2
0.699219 0.699219 0.699219 2
0.699219 0.699219 0.699219 2
0.699219 0.699219 0.699219 2
0.699219 0.699219 0.699219 2
0.707031 0.707031 0.707031 2
0.707031 0.707031 0.707031 2
0.707031 0.707031 0.707031 2
0.703125 0.703125 0.703125 2
0.699219 0.699219 0.699219 2
0.695313 0.695313 0.695313 2
0.699219 0.699219 0.699219 2
0.707031 0.707031 0.707031 2
0.71875 0.71875 0.71875 2
0.71875 0.71875 0.71875 2
0.710938 0.710938 0.710938 2
0.707031 0.707031 0.707031 2
0.753906 0.753906 0.753906 2
0.75 0.75 0.75 2
0.738281 0.738281 0.738281 2
0.722656 0.722656 0.722656 2
0.714844 0.714844 0.714844 2
0.714844 0.714844 0.714844 2
0.714844 0.714844 0.714844 2
0.710938 0.710938 0.710938 2
0.707031 0.707031 0.707031 2
0.703125 0.703125 0.703125 2
0.699219 0.699219 0.699219 2
0.699219 0.699219 0.699219 2
0.699219 0.699219 0.699219 2
0.703125 0.703125 0.703125 2
0.703125 0.703125 0.703125 2
0.707031 0.707031 0.707031 2
0.707031 0.707031 0.707031 2
0.703125 0.703125 0.703125 2
0.695313 0.695313 0.695313 2
0.691406 0.691406 0.691406 2
0.695313 0.695313 0.695313 2
0.703125 0.703125 0.703125 2
0.714844 0.714844 0.714844 2
0.71875 0.71875 0.71875 2
0.714844 0.714844 0.714844 2
0.714844 0.714844 0.714844 2
0.746094 0.746094 0.746094 2
0.742188 0.742188 0.742188 2
0.734375 0.734375 0.734375 2
0.71875 0.71875 0.71875 2
0.710938 0.710938 0.710938 2
0.710938 0.710938 0.710938 2
0.714844 0.714844 0.714844 2
0.710938 0.710938 0.710938 2
0.707031 0.707031 0.707031 2
0.703125 0.703125 0.703125 2
0.699219 0.699219 0.699219 2
0.699219 0.699219 0.699219 2
0.699219 0.699219 0.699219 2
0.699219 0.699219 0.699219 2
0.699219 0.699219 0.699219 2
0.703125 0.703125 0.703125 2
0.707031 0.707031 0.707031 2
0.703125 0.703125 0.703125 2
0.699219 0.699219 0.699219 2
0.695313 0.695313 0.695313 2
0.695313 0.695313 0.695313 2
0.699219 0.699219 0.699219 2
0.707031 0.707031 0.707031 2
0.710938 0.710938 0.710938 2
0.71875 0.71875 0.71875 2
0.722656 0.722656 0.722656 2
0.726563 0.726563 0.726563 2
0.722656 0.722656 0.722656 2
0.71875 0.71875 0.71875 2
0.714844 0.714844 0.714844 2
0.714844 0.714844 0.714844 2
0.71875 0.71875 0.71875 2
0.722656 0.722656 0.722656 2
0.71875 0.71875 0.71875 2
0.707031 0.707031 0.707031 2
0.703125 0.703125 0.703125 2
0.703125 0.703125 0.703125 2
0.703125 0.703125 0.703125 2
0.703125 0.703125 0.703125 2
0.699219 0.699219 0.699219 2
0.699219 0.699219 0.699219 2
0.699219 0.699219 0.699219 2
0.707031 0.707031 0.707031 2
0.710938 0.710938 0.710938 2
0.710938 0.710938 0.710938 2
0.707031 0.707031 0.707031 2
0.707031 0.707031 0.707031 2
0.703125 0.703125 0.703125 2
0.707031 0.707031 0.707031 2
0.710938 0.710938 0.710938 2
0.71875 0.71875 0.71875 2
0.722656 0.722656 0.722656 2
0.707031 0.707031 0.707031 2
0.703125 0.703125 0.703125 2
0.703125 0.703125 0.703125 2
0.710938 0.710938 0.710938 2
0.71875 0.71875 0.71875 2
0.730469 0.730469 0.730469 2
0.734375 0.734375 0.734375 2
0.722656 0.722656 0.722656 2
0.714844 0.714844 0.714844 2
0.707031 0.707031 0.707031 2
0.710938 0.710938 0.710938 2
0.714844 0.714844 0.714844 2
0.714844 0.714844 0.714844 2
0.707031 0.707031 0.707031 2
0.699219 0.699219 0.699219 2
0.699219 0.699219 0.699219 2
0.707031 0.707031 0.707031 2
0.71875 0.71875 0.71875 2
0.722656 0.722656 0.722656 2
0.722656 0.722656 0.722656 2
0.71875 0.71875 0.71875 2
0.710938 0.710938 0.710938 2
0.707031 0.707031 0.707031 2
0.710938 0.710938 0.710938 2
0.714844 0.714844 0.714844 2
0.722656 0.722656 0.722656 2
0.703125 0.703125 0.703125 2
0.695313 0.695313 0.695313 2
0.695313 0.695313 0.695313 2
0.707031 0.707031 0.707031 2
0.71875 0.71875 0.71875 2
0.730469 0.730469 0.730469 2
0.730469 0.730469 0.730469 2
0.722656 0.722656 0.722656 2
0.71875 0.71875 0.71875 2
0.714844 0.714844 0.714844 2
0.71875 0.71875 0.71875 2
0.722656 0.722656 0.722656 2
0.722656 0.722656 0.722656 2
0.714844 0.714844 0.714844 2
0.707031 0.707031 0.707031 2
0.703125 0.703125 0.703125 2
0.707031 0.707031 0.707031 2
0.714844 0.714844 0.714844 2
0.722656 0.722656 0.722656 2
0.726563 0.726563 0.726563 2
0.726563 0.726563 0.726563 2
0.71875 0.71875 0.71875 2
0.710938 0.710938 0.710938 2
0.707031 0.707031 0.707031 2
0.710938 0.710938 0.710938 2
0.71875 0.71875 0.71875 2
0.714844 0.714844 0.714844 2
0.707031 0.707031 0.707031 2
0.699219 0.699219 0.699219 2
0.703125 0.703125 0.703125 2
0.707031 0.707031 0.707031 2
0.710938 0.710938 0.710938 2
0.714844 0.714844 0.714844 2
0.714844 0.714844 0.714844 2
0.714844 0.714844 0.714844 2
0.71875 0.71875 0.71875 2
0.71875 0.71875 0.71875 2
0.722656 0.722656 0.722656 2
0.722656 0.722656 0.722656 2
0.71875 0.71875 0.71875 2
0.710938 0.710938 0.710938 2
0.703125 0.703125 0.703125 2
0.699219 0.699219 0.699219 2
0.703125 0.703125 0.703125 2
0.710938 0.710938 0.710938 2
0.71875 0.71875 0.71875 2
0.722656 0.722656 0.722656 2
0.714844 0.714844 0.714844 2
0.707031 0.707031 0.707031 2
0.707031 0.707031 0.707031 2
0.710938 0.710938 0.710938 2
0.714844 0.714844 0.714844 2
0.722656 0.722656 0.722656 2
0.714844 0.714844 0.714844 2
0.707031 0.707031 0.707031 2
0.699219 0.699219 0.699219 2
0.695313 0.695313 0.695313 2
0.691406 0.691406 0.691406 2
0.691406 0.691406 0.691406 2
0.699219 0.699219 0.699219 2
0.707031 0.707031 0.707031 2
0.710938 0.710938 0.710938 2
0.714844 0.714844 0.714844 2
0.714844 0.714844 0.714844 2
0.714844 0.714844 0.714844 2
0.71875 0.71875 0.71875 2
0.714844 0.714844 0.714844 2
0.703125 0.703125 0.703125 2
0.691406 0.691406 0.691406 2
0.691406 0.691406 0.691406 2
0.699219 0.699219 0.699219 2
0.707031 0.707031 0.707031 2
0.710938 0.710938 0.710938 2
0.707031 0.707031 0.707031 2
0.699219 0.699219 0.699219 2
0.699219 0.699219 0.699219 2
0.707031 0.707031 0.707031 2
0.714844 0.714844 0.714844 2
0.71875 0.71875 0.71875 2
0.710938 0.710938 0.710938 2
0.707031 0.707031 0.707031 2
0.699219 0.699219 0.699219 2
0.691406 0.691406 0.691406 2
0.683594 0.683594 0.683594 2
0.679688 0.679688 0.679688 2
0.683594 0.683594 0.683594 2
0.691406 0.691406 0.691406 2
0.703125 0.703125 0.703125 2
0.707031 0.707031 0.707031 2
0.707031 0.707031 0.707031 2
0.707031 0.707031 0.707031 2
0.710938 0.710938 0.710938 2
0.710938 0.710938 0.710938 2
0.703125 0.703125 0.703125 2
0.691406 0.691406 0.691406 2
0.691406 0.691406 0.691406 2
0.691406 0.691406 0.691406 2
0.695313 0.695313 0.695313 2
0.699219 0.699219 0.699219 2
0.691406 0.691406 0.691406 2
0.6875 0.6875 0.6875 2
0.6875 0.6875 0.6875 2
0.695313 0.695313 0.695313 2
0.707031 0.707031 0.707031 2
0.703125 0.703125 0.703125 2
0.699219 0.699219 0.699219 2
0.695313 0.695313 0.695313 2
0.695313 0.695313 0.695313 2
0.691406 0.691406 0.691406 2
0.683594 0.683594 0.683594 2
0.679688 0.679688 0.679688 2
0.679688 0.679688 0.679688 2
0.683594 0.683594 0.683594 2
0.691406 0.691406 0.691406 2
0.695313 0.695313 0.695313 2
0.695313 0.695313 0.695313 2
0.699219 0.699219 0.699219 2
0.699219 0.699219 0.699219 2
0.699219 0.699219 0.699219 2
0.695313 0.695313 0.695313 2
0.691406 0.691406 0.691406 2
0.691406 0.691406 0.691406 2
0.691406 0.691406 0.691406 2
0.695313 0.695313 0.695313 2
0.691406 0.691406 0.691406 2
0.6875 0.6875 0.6875 2
0.679688 0.679688 0.679688 2
0.679688 0.679688 0.679688 2
0.683594 0.683594 0.683594 2
0.695313 0.695313 0.695313 2
0.6875 0.6875 0.6875 2
0.683594 0.683594 0.683594 2
0.683594 0.683594 0.683594 2
0.6875 0.6875 0.6875 2
0.691406 0.691406 0.691406 2
0.691406 0.691406 0.691406 2
0.6875 0.6875 0.6875 2
0.683594 0.683594 0.683594 2
0.683594 0.683594 0.683594 2
0.6875 0.6875 0.6875 2
0.691406 0.691406 0.691406 2
0.691406 0.691406 0.691406 2
0.691406 0.691406 0.691406 2
0.6875 0.6875 0.6875 2
0.6875 0.6875 0.6875 2
0.691406 0.691406 0.691406 2
0.691406 0.691406 0.691406 2
0.695313 0.695313 0.695313 2
0.695313 0.695313 0.695313 2
0.695313 0.695313 0.695313 2
0.691406 0.691406 0.691406 2
0.6875 0.6875 0.6875 2
0.683594 0.683594 0.683594 2
0.675781 0.675781 0.675781 2
0.675781 0.675781 0.675781 2
0.679688 0.679688 0.679688 2
0.679688 0.679688 0.679688 2
0.675781 0.675781 0.675781 2
0.675781 0.675781 0.675781 2
0.683594 0.683594 0.683594 2
0.691406 0.691406 0.691406 2
0.695313 0.695313 0.695313 2
0.691406 0.691406 0.691406 2
0.691406 0.691406 0.691406 2
0.6875 0.6875 0.6875 2
0.6875 0.6875 0.6875 2
0.6875 0.6875 0.6875 2
0.6875 0.6875 0.6875 2
0.683594 0.683594 0.683594 2
0.683594 0.683594 0.683594 2
0.683594 0.683594 0.683594 2
0.683594 0.683594 0.683594 2
0.691406 0.691406 0.691406 2
0.691406 0.691406 0.691406 2
0.695313 0.695313 0.695313 2
0.695313 0.695313 0.695313 2
0.695313 0.695313 0.695313 2
0.695313 0.695313 0.695313 2
0.691406 0.691406 0.691406 2
0.6875 0.6875 0.6875 2
0.675781 0.675781 0.675781 2
0.679688 0.679688 0.679688 2
0.679688 0.679688 0.679688 2
0.675781 0.675781 0.675781 2
0.675781 0.675781 0.675781 2
0.683594 0.683594 0.683594 2
0.691406 0.691406 0.691406 2
0.691406 0.691406 0.691406 2
0.691406 0.691406 0.691406 2
0.6875 0.6875 0.6875 2
0.6875 0.6875 0.6875 2
0.6875 0.6875 0.6875 2
0.6875 0.6875 0.6875 2
0.6875 0.6875 0.6875 2
0.6875 0.6875 0.6875 2
0.683594 0.683594 0.683594 2
0.683594 0.683594 0.683594 2
0.6875 0.6875 0.6875 2
0.6875 0.6875 0.6875 2
0.6875 0.6875 0.6875 2
0.6875 0.6875 0.6875 2
0.691406 0.691406 0.691406 2
0.699219 0.699219 0.699219 2
0.707031 0.707031 0.707031 2
0.707031 0.707031 0.707031 2
0.699219 0.699219 0.699219 2
0.691406 0.691406 0.691406 2
0.691406 0.691406 0.691406 2
0.679688 0.679688 0.679688 2
0.675781 0.675781 0.675781 2
0.679688 0.679688 0.679688 2
0.683594 0.683594 0.683594 2
0.6875 0.6875 0.6875 2
0.6875 0.6875 0.6875 2
0.6875 0.6875 0.6875 2
0.6875 0.6875 0.6875 2
0.691406 0.691406 0.691406 2
0.691406 0.691406 0.691406 2
0.691406 0.691406 0.691406 2
0.691406 0.691406 0.691406 2
0.691406 0.691406 0.691406 2
0.691406 0.691406 0.691406 2
0.691406 0.691406 0.691406 2
0.691406 0.691406 0.691406 2
0.691406 0.691406 0.691406 2
0.691406 0.691406 0.691406 2
0.6875 0.6875 0.6875 2
0.691406 0.691406 0.691406 2
0.703125 0.703125 0.703125 2
0.707031 0.707031 0.707031 2
0.710938 0.710938 0.710938 2
0.707031 0.707031 0.707031 2
0.707031 0.707031 0.707031 2
0.707031 0.707031 0.707031 2
0.675781 0.675781 0.675781 2
0.675781 0.675781 0.675781 2
0.679688 0.679688 0.679688 2
0.683594 0.683594 0.683594 2
0.6875 0.6875 0.6875 2
0.6875 0.6875 0.6875 2
0.6875 0.6875 0.6875 2
0.691406 0.691406 0.691406 2
0.695313 0.695313 0.695313 2
0.699219 0.699219 0.699219 2
0.699219 0.699219 0.699219 2
0.695313 0.695313 0.695313 2
0.695313 0.695313 0.695313 2
0.695313 0.695313 0.695313 2
0.695313 0.695313 0.695313 2
0.699219 0.699219 0.699219 2
0.703125 0.703125 0.703125 2
0.699219 0.699219 0.699219 2
0.695313 0.695313 0.695313 2
0.699219 0.699219 0.699219 2
0.707031 0.707031 0.707031 2
0.710938 0.710938 0.710938 2
0.710938 0.710938 0.710938 2
0.710938 0.710938 0.710938 2
0.710938 0.710938 0.710938 2
0.71875 0.71875 0.71875 2
0.675781 0.675781 0.675781 2
0.675781 0.675781 0.675781 2
0.679688 0.679688 0.679688 2
0.6875 0.6875 0.6875 2
0.691406 0.691406 0.691406 2
0.691406 0.691406 0.691406 2
0.695313 0.695313 0.695313 2
0.699219 0.699219 0.699219 2
0.707031 0.707031 0.707031 2
0.707031 0.707031 0.707031 2
0.707031 0.707031 0.707031 2
0.699219 0.699219 0.699219 2
0.695313 0.695313 0.695313 2
0.699219 0.699219 0.699219 2
0.703125 0.703125 0.703125 2
0.707031 0.707031 0.707031 2
0.707031 0.707031 0.707031 2
0.707031 0.707031 0.707031 2
0.707031 0.707031 0.707031 2
0.707031 0.707031 0.707031 2
0.707031 0.707031 0.707031 2
0.707031 0.707031 0.707031 2
0.710938 0.710938 0.710938 2
0.710938 0.710938 0.710938 2
0.710938 0.710938 0.710938 2
0.714844 0.714844 0.714844 2
0.0351563 0.0351563 0.0351563 0
0.03125 0.03125 0.03125 0
0.0234375 0.0234375 0.0234375 0
0.0195313 0.0195313 0.0195313 0
0.0195313 0.0195313 0.0195313 0
0.0195313 0.0195313 0.0195313 0
0.0195313 0.0195313 0.0195313 0
0.0195313 0.0195313 0.0195313 0
0.0195313 0.0195313 0.0195313 0
0.015625 0.015625 0.015625 0
0.015625 0.015625 0.015625 0
0.015625 0.015625 0.015625 0
0.015625 0.015625 0.015625 0
0.015625 0.015625 0.015625 0
0.015625 0.015625 0.015625 0
0.0195313 0.0195313 0.0195313 0
0.0234375 0.0234375 0.0234375 0
0.0273438 0.0273438 0.0273438 0
0.03125 0.03125 0.03125 0
0.03125 0.03125 0.03125 0
0.0273438 0.0273438 0.0273438 0
0.0234375 0.0234375 0.0234375 0
0.0195313 0.0195313 0.0195313 0
0.0195313 0.0195313 0.0195313 0
0.015625 0.015625 0.015625 0
0.015625 0.015625 0.015625 0
0.0273438 0.0273438 0.0273438 0
0.0273438 0.0273438 0.0273438 0
0.0195313 0.0195313 0.0195313 0
0.015625 0.015625 0.015625 0
0.0195313 0.0195313 0.0195313 0
0.0195313 0.0195313 0.0195313 0
0.0234375 0.0234375 0.0234375 0
0.0234375 0.0234375 0.0234375 0
0.0234375 0.0234375 0.0234375 0
0.0234375 0.0234375 0.0234375 0
0.0195313 0.0195313 0.0195313 0
0.015625 0.015625 0.015625 0
0.015625 0.015625 0.015625 0
0.0195313 0.0195313 0.0195313 0
0.0234375 0.0234375 0.0234375 0
0.0234375 0.0234375 0.0234375 0
0.0234375 0.0234375 0.0234375 0
0.0273438 0.0273438 0.0273438 0
0.03125 0.03125 0.03125 0
0.03125 0.03125 0.03125 0
0.0273438 0.0273438 0.0273438 0
0.0195313 0.0195313 0.0195313 0
0.015625 0.015625 0.015625 0
0.015625 0.015625 0.015625 0
0.015625 0.015625 0.015625 0
0.015625 0.015625 0.015625 0
0.0195313 0.0195313 0.0195313 0
0.0195313 0.0195313 0.0195313 0
0.015625 0.015625 0.015625 0
0.015625 0.015625 0.015625 0
0.0195313 0.0195313 0.0195313 0
0.0234375 0.0234375 0.0234375 0
0.0273438 0.0273438 0.0273438 0
0.0273438 0.0273438 0.0273438 0
0.0273438 0.0273438 0.0273438 0
0.0273438 0.0273438 0.0273438 0
0.0234375 0.0234375 0.0234375 0
0.0195313 0.0195313 0.0195313 0
0.0234375 0.0234375 0.0234375 0
0.0273438 0.0273438 0.0273438 0
0.0273438 0.0273438 0.0273438 0
0.03125 0.03125 0.03125 0
0.0273438 0.0273438 0.0273438 0
0.0273438 0.0273438 0.0273438 0
0.03125 0.03125 0.03125 0
0.03125 0.03125 0.03125 0
0.0273438 0.0273438 0.0273438 0
0.0273438 0.0273438 0.0273438 0
0.0195313 0.0195313 0.0195313 0
0.015625 0.015625 0.015625 0
0.015625 0.015625 0.015625 0
0.015625 0.015625 0.015625 0
0.0195313 0.0195313 0.0195313 0
0.0195313 0.0195313 0.0195313 0
0.0195313 0.0195313 0.0195313 0
0.0234375 0.0234375 0.0234375 0
0.0234375 0.0234375 0.0234375 0
0.0234375 0.0234375 0.0234375 0
0.0273438 0.0273438 0.0273438 0
0.03125 0.03125 0.03125 0
0.03125 0.03125 0.03125 0
0.0273438 0.0273438 0.0273438 0
0.0234375 0.0234375 0.0234375 0
0.0273438 0.0273438 0.0273438 0
0.0273438 0.0273438 0.0273438 0
0.03125 0.03125 0.03125 0
0.0351563 0.0351563 0.0351563 0
0.03125 0.03125 0.03125 0
0.03125 0.03125 0.03125 0
0.0273438 0.0273438 0.0273438 0
0.0273438 0.0273438 0.0273438 0
0.03125 0.03125 0.03125 0
0.03125 0.03125 0.03125 0
0.03125 0.03125 0.03125 0
0.0273438 0.0273438 0.0273438 0
0.0234375 0.0234375 0.0234375 0
0.0195313 0.0195313 0.0195313 0
0.0195313 0.0195313 0.0195313 0
0.0273438 0.0273438 0.0273438 0
0.0273438 0.0273438 0.0273438 0
0.0273438 0.0273438 0.0273438 0
0.0273438 0.0273438 0.0273438 0
0.0273438 0.0273438 0.0273438 0
0.0273438 0.0273438 0.0273438 0
0.0273438 0.0273438 0.0273438 0
0.03125 0.03125 0.03125 0
0.0273438 0.0273438 0.0273438 0
0.0273438 0.0273438 0.0273438 0
0.0273438 0.0273438 0.0273438 0
0.0273438 0.0273438 0.0273438 0
0.03125 0.03125 0.03125 0
0.0351563 0.0351563 0.0351563 0
0.03125 0.03125 0.03125 0
0.03125 0.03125 0.03125 0
0.03125 0.03125 0.03125 0
0.0273438 0.0273438 0.0273438 0
0.0273438 0.0273438 0.0273438 0
0.0273438 0.0273438 0.0273438 0
0.03125 0.03125 0.03125 0
0.03125 0.03125 0.03125 0
0.03125 0.03125 0.03125 0
0.0273438 0.0273438 0.0273438 0
0.0234375 0.0234375 0.0234375 0
0.0195313 0.0195313 0.0195313 0
0.03125 0.03125 0.03125 0
0.0273438 0.0273438 0.0273438 0
0.03125 0.03125 0.03125 0
0.03125 0.03125 0.03125 0
0.03125 0.03125 0.03125 0
0.03125 0.03125 0.03125 0
0.03125 0.03125 0.03125 0
0.03125 0.03125 0.03125 0
0.0273438 0.0273438 0.0273438 0
0.0234375 0.0234375 0.0234375 0
0.0234375 0.0234375 0.0234375 0
0.0273438 0.0273438 0.0273438 0
0.0273438 0.0273438 0.0273438 0
0.0273438 0.0273438 0.0273438 0
0.0273438 0.0273438 0.0273438 0
0.0273438 0.0273438 0.0273438 0
0.0273438 0.0273438 0.0273438 0
0.0273438 0.0273438 0.0273438 0
0.0234375 0.0234375 0.0234375 0
0.0234375 0.0234375 0.0234375 0
0.0273438 0.0273438 0.0273438 0
0.0273438 0.0273438 0.0273438 0
0.0273438 0.0273438 0.0273438 0
0.0234375 0.0234375 0.0234375 0
0.0234375 0.0234375 0.0234375 0
0.0195313 0.0195313 0.0195313 0
0.03125 0.03125 0.03125 0
0.0273438 0.0273438 0.0273438 0
0.0273438 0.0273438 0.0273438 0
0.03125 0.03125 0.03125 0
0.03125 0.03125 0.03125 0
0.03125 0.03125 0.03125 0
0.03125 0.03125 0.03125 0
0.03125 0.03125 0.03125 0
0.0273438 0.0273438 0.0273438 0
0.0234375 0.0234375 0.0234375 0
0.0234375 0.0234375 0.0234375 0
0.0234375 0.0234375 0.0234375 0
0.0234375 0.0234375 0.0234375 0
0.0195313 0.0195313 0.0195313 0
0.0234375 0.0234375 0.0234375 0
0.0273438 0.0273438 0.0273438 0
0.0273438 0.0273438 0.0273438 0
0.0273438 0.0273438 0.0273438 0
0.0195313 0.0195313 0.0195313 0
0.0195313 0.0195313 0.0195313 0
0.0195313 0.0195313 0.0195313 0
0.0195313 0.0195313 0.0195313 0
0.0195313 0.0195313 0.0195313 0
0.0195313 0.0195313 0.0195313 0
0.0195313 0.0195313 0.0195313 0
0.0195313 0.0195313 0.0195313 0
0.0273438 0.0273438 0.0273438 0
0.0273438 0.0273438 0.0273438 0
0.0273438 0.0273438 0.0273438 0
0.0273438 0.0273438 0.0273438 0
0.0273438 0.0273438 0.0273438 0
0.0273438 0.0273438 0.0273438 0
0.0273438 0.0273438 0.0273438 0
0.0273438 0.0273438 0.0273438 0
0.0234375 0.0234375 0.0234375 0
0.0234375 0.0234375 0.0234375 0
0.0234375 0.0234375 0.0234375 0
0.0234375 0.0234375 0.0234375 0
0.0195313 0.0195313 0.0195313 0
0.0195313 0.0195313 0.0195313 0
0.0195313 0.0195313 0.0195313 0
0.0234375 0.0234375 0.0234375 0
0.0234375 0.0234375 0.0234375 0
0.0195313 0.0195313 0.0195313 0
0.015625 0.015625 0.015625 0
0.015625 0.015625 0.015625 0
0.015625 0.015625 0.015625 0
0.015625 0.015625 0.015625 0
0.015625 0.015625 0.015625 0
0.015625 0.015625 0.015625 0
0.0195313 0.0195313 0.0195313 0
0.0195313 0.0195313 0.0195313 0
0.0273438 0.0273438 0.0273438 0
0.0234375 0.0234375 0.0234375 0
0.0234375 0.0234375 0.0234375 0
0.0234375 0.0234375 0.0234375 0
0.0234375 0.0234375 0.0234375 0
0.0234375 0.0234375 0.0234375 0
0.0234375 0.0234375 0.0234375 0
0.0195313 0.0195313 0.0195313 0
0.0195313 0.0195313 0.0195313 0
0.0234375 0.0234375 0.0234375 0
0.0234375 0.0234375 0.0234375 0
0.0234375 0.0234375 0.0234375 0
0.0195313 0.0195313 0.0195313 0
0.0195313 0.0195313 0.0195313 0
0.0195313 0.0195313 0.0195313 0
0.0234375 0.0234375 0.0234375 0
0.0195313 0.0195313 0.0195313 0
0.015625 0.015625 0.015625 0
0.015625 0.015625 0.015625 0
0.015625 0.015625 0.015625 0
0.015625 0.015625 0.015625 0
0.015625 0.015625 0.015625 0
0.015625 0.015625 0.015625 0
0.015625 0.015625 0.015625 0
0.015625 0.015625 0.015625 0
0.015625 0.015625 0.015625 0
0.0273438 0.0273438 0.0273438 0
0.0273438 0.0273438 0.0273438 0
0.0273438 0.0273438 0.0273438 0
0.0273438 0.0273438 0.0273438 0
0.0234375 0.0234375 0.0234375 0
0.0234375 0.0234375 0.0234375 0
0.0195313 0.0195313 0.0195313 0
0.0195313 0.0195313 0.0195313 0
0.0195313 0.0195313 0.0195313 0
0.0234375 0.0234375 0.0234375 0
0.0273438 0.0273438 0.0273438 0
0.0234375 0.0234375 0.0234375 0
0.0195313 0.0195313 0.0195313 0
0.0195313 0.0195313 0.0195313 0
0.0234375 0.0234375 0.0234375 0
0.0273438 0.0273438 0.0273438 0
0.0195313 0.0195313 0.0195313 0
0.015625 0.015625 0.015625 0
0.015625 0.015625 0.015625 0
0.0195313 0.0195313 0.0195313 0
0.0195313 0.0195313 0.0195313 0
0.0195313 0.0195313 0.0195313 0
0.0195313 0.0195313 0.0195313 0
0.015625 0.015625 0.015625 0
0.015625 0.015625 0.015625 0
0.015625 0.015625 0.015625 0
0.0273438 0.0273438 0.0273438 0
0.0273438 0.0273438 0.0273438 0
0.0273438 0.0273438 0.0273438 0
0.0273438 0.0273438 0.0273438 0
0.0273438 0.0273438 0.0273438 0
0.0234375 0.0234375 0.0234375 0
0.0195313 0.0195313 0.0195313 0
0.0195313 0.0195313 0.0195313 0
0.0234375 0.0234375 0.0234375 0
0.0273438 0.0273438 0.0273438 0
0.0273438 0.0273438 0.0273438 0
0.0234375 0.0234375 0.0234375 0
0.0195313 0.0195313 0.0195313 0
0.0195313 0.0195313 0.0195313 0
0.0234375 0.0234375 0.0234375 0
0.0273438 0.0273438 0.0273438 0
0.0234375 0.0234375 0.0234375 0
0.0195313 0.0195313 0.0195313 0
0.0195313 0.0195313 0.0195313 0
0.0234375 0.0234375 0.0234375 0
0.0273438 0.0273438 0.0273438 0
0.0273438 0.0273438 0.0273438 0
0.0234375 0.0234375 0.0234375 0
0.0195313 0.0195313 0.0195313 0
0.015625 0.015625 0.015625 0
0.015625 0.015625 0.015625 0
0.0273438 0.0273438 0.0273438 0
0.0273438 0.0273438 0.0273438 0
0.03125 0.03125 0.03125 0
0.0273438 0.0273438 0.0273438 0
0.0273438 0.0273438 0.0273438 0
0.0195313 0.0195313 0.0195313 0
0.015625 0.015625 0.015625 0
0.0195313 0.0195313 0.0195313 0
0.0234375 0.0234375 0.0234375 0
0.0273438 0.0273438 0.0273438 0
0.0234375 0.0234375 0.0234375 0
0.0234375 0.0234375 0.0234375 0
0.0195313 0.0195313 0.0195313 0
0.0195313 0.0195313 0.0195313 0
0.0234375 0.0234375 0.0234375 0
0.0234375 0.0234375 0.0234375 0
0.0195313 0.0195313 0.0195313 0
0.0195313 0.0195313 0.0195313 0
0.0234375 0.0234375 0.0234375 0
0.0273438 0.0273438 0.0273438 0
0.0273438 0.0273438 0.0273438 0
0.0273438 0.0273438 0.0273438 0
0.0234375 0.0234375 0.0234375 0
0.0195313 0.0195313 0.0195313 0
0.0195313 0.0195313 0.0195313 0
0.0195313 0.0195313 0.0195313 0
0.0273438 0.0273438 0.0273438 0
0.0273438 0.0273438 0.0273438 0
0.0273438 0.0273438 0.0273438 0
0.0273438 0.0273438 0.0273438 0
0.0234375 0.0234375 0.0234375 0
0.0195313 0.0195313 0.0195313 0
0.015625 0.015625 0.015625 0
0.0195313 0.0195313 0.0195313 0
0.0234375 0.0234375 0.0234375 0
0.0234375 0.0234375 0.0234375 0
0.0234375 0.0234375 0.0234375 0
0.0234375 0.0234375 0.0234375 0
0.0234375 0.0234375 0.0234375 0
0.0234375 0.0234375 0.0234375 0
0.0195313 0.0195313 0.0195313 0
0.0195313 0.0195313 0.0195313 0
0.0195313 0.0195313 0.0195313 0
0.0195313 0.0195313 0.0195313 0
0.0273438 0.0273438 0.0273438 0
0.0273438 0.0273438 0.0273438 0
0.03125 0.03125 0.03125 0
0.03125 0.03125 0.03125 0
0.0273438 0.0273438 0.0273438 0
0.0234375 0.0234375 0.0234375 0
0.0234375 0.0234375 0.0234375 0
0.0234375 0.0234375 0.0234375 0
0.0273438 0.0273438 0.0273438 0
0.0273438 0.0273438 0.0273438 0
0.0273438 0.0273438 0.0273438 0
0.0273438 0.0273438 0.0273438 0
0.0273438 0.0273438 0.0273438 0
0.0234375 0.0234375 0.0234375 0
0.0195313 0.0195313 0.0195313 0
0.0195313 0.0195313 0.0195313 0
0.0234375 0.0234375 0.0234375 0
0.0234375 0.0234375 0.0234375 0
0.0195313 0.0195313 0.0195313 0
0.0195313 0.0195313 0.0195313 0
0.0234375 0.0234375 0.0234375 0
0.0234375 0.0234375 0.0234375 0
0.0195313 0.0195313 0.0195313 0
0.015625 0.015625 0.015625 0
0.015625 0.015625 0.015625 0
0.0195313 0.0195313 0.0195313 0
0.0273438 0.0273438 0.0273438 0
0.03125 0.03125 0.03125 0
0.03125 0.03125 0.03125 0
0.03125 0.03125 0.03125 0
0.03125 0.03125 0.03125 0
0.0273438 0.0273438 0.0273438 0
0.0273438 0.0273438 0.0273438 0
0.0273438 0.0273438 0.0273438 0
0.0234375 0.0234375 0.0234375 0
0.0234375 0.0234375 0.0234375 0
0.0273438 0.0273438 0.0273438 0
0.03125 0.03125 0.03125 0
0.03125 0.03125 0.03125 0
0.0273438 0.0273438 0.0273438 0
0.0234375 0.0234375 0.0234375 0
0.0234375 0.0234375 0.0234375 0
0.0234375 0.0234375 0.0234375 0
0.0195313 0.0195313 0.0195313 0
0.0195313 0.0195313 0.0195313 0
0.015625 0.015625 0.015625 0
0.0195313 0.0195313 0.0195313 0
0.0234375 0.0234375 0.0234375 0
0.0195313 0.0195313 0.0195313 0
0.015625 0.015625 0.015625 0
0.0195313 0.0195313 0.0195313 0
0.0234375 0.0234375 0.0234375 0
0.0273438 0.0273438 0.0273438 0
0.0273438 0.0273438 0.0273438 0
0.03125 0.03125 0.03125 0
0.03125 0.03125 0.03125 0
0.03125 0.03125 0.03125 0
0.03125 0.03125 0.03125 0
0.0273438 0.0273438 0.0273438 0
0.0273438 0.0273438 0.0273438 0
0.0195313 0.0195313 0.0195313 0
0.0195313 0.0195313 0.0195313 0
0.0273438 0.0273438 0.0273438 0
0.03125 0.03125 0.03125 0
0.03125 0.03125 0.03125 0
0.0273438 0.0273438 0.0273438 0
0.0273438 0.0273438 0.0273438 0
0.0234375 0.0234375 0.0234375 0
0.0234375 0.0234375 0.0234375 0
0.0195313 0.0195313 0.0195313 0
0.015625 0.015625 0.015625 0
0.015625 0.015625 0.015625 0
0.015625 0.015625 0.015625 0
0.0195313 0.0195313 0.0195313 0
0.0195313 0.0195313 0.0195313 0
0.0195313 0.0195313 0.0195313 0
0.0234375 0.0234375 0.0234375 0
0.0273438 0.0273438 0.0273438 0
0.0273438 0.0273438 0.0273438 0
0.0273438 0.0273438 0.0273438 0
0.0273438 0.0273438 0.0273438 0
0.03125 0.03125 0.03125 0
0.0273438 0.0273438 0.0273438 0
0.0273438 0.0273438 0.0273438 0
0.0273438 0.0273438 0.0273438 0
0.0273438 0.0273438 0.0273438 0
0.0195313 0.0195313 0.0195313 0
0.0195313 0.0195313 0.0195313 0
0.0273438 0.0273438 0.0273438 0
0.03125 0.03125 0.03125 0
0.0273438 0.0273438 0.0273438 0
0.0273438 0.0273438 0.0273438 0
0.0234375 0.0234375 0.0234375 0
0.0234375 0.0234375 0.0234375 0
0.0234375 0.0234375 0.0234375 0
0.0234375 0.0234375 0.0234375 0
0.0195313 0.0195313 0.0195313 0
0.015625 0.015625 0.015625 0
0.015625 0.015625 0.015625 0
0.015625 0.015625 0.015625 0
0.015625 0.015625 0.015625 0
0.0195313 0.0195313 0.0195313 0
0.0273438 0.0273438 0.0273438 0
0.03125 0.03125 0.03125 0
0.0273438 0.0273438 0.0273438 0
0.0273438 0.0273438 0.0273438 0
0.0273438 0.0273438 0.0273438 0
0.0273438 0.0273438 0.0273438 0
0.0273438 0.0273438 0.0273438 0
0.0234375 0.0234375 0.0234375 0
0.0234375 0.0234375 0.0234375 0
0.0234375 0.0234375 0.0234375 0
0.0195313 0.0195313 0.0195313 0
0.0234375 0.0234375 0.0234375 0
0.0273438 0.0273438 0.0273438 0
0.03125 0.03125 0.03125 0
0.0273438 0.0273438 0.0273438 0
0.0195313 0.0195313 0.0195313 0
0.0195313 0.0195313 0.0195313 0
0.0234375 0.0234375 0.0234375 0
0.0234375 0.0234375 0.0234375 0
0.0234375 0.0234375 0.0234375 0
0.0234375 0.0234375 0.0234375 0
0.0195313 0.0195313 0.0195313 0
0.015625 0.015625 0.015625 0
0.015625 0.015625 0.015625 0
0.0195313 0.0195313 0.0195313 0
0.0234375 0.0234375 0.0234375 0
0.0273438 0.0273438 0.0273438 0
0.0273438 0.0273438 0.0273438 0
0.0273438 0.0273438 0.0273438 0
0.0273438 0.0273438 0.0273438 0
0.0273438 0.0273438 0.0273438 0
0.0273438 0.0273438 0.0273438 0
0.0234375 0.0234375 0.0234375 0
0.0195313 0.0195313 0.0195313 0
0.0195313 0.0195313 0.0195313 0
0.015625 0.015625 0.015625 0
0.0195313 0.0195313 0.0195313 0
0.0273438 0.0273438 0.0273438 0
0.0273438 0.0273438 0.0273438 0
0.0273438 0.0273438 0.0273438 0
0.0234375 0.0234375 0.0234375 0
0.0195313 0.0195313 0.0195313 0
0.0195313 0.0195313 0.0195313 0
0.0234375 0.0234375 0.0234375 0
0.0273438 0.0273438 0.0273438 0
0.0273438 0.0273438 0.0273438 0
0.0234375 0.0234375 0.0234375 0
0.0195313 0.0195313 0.0195313 0
0.0195313 0.0195313 0.0195313 0
0.0195313 0.0195313 0.0195313 0
0.0195313 0.0195313 0.0195313 0
0.0234375 0.0234375 0.0234375 0
0.0273438 0.0273438 0.0273438 0
0.0273438 0.0273438 0.0273438 0
0.0273438 0.0273438 0.0273438 0
0.0273438 0.0273438 0.0273438 0
0.0273438 0.0273438 0.0273438 0
0.0234375 0.0234375 0.0234375 0
0.0195313 0.0195313 0.0195313 0
0.015625 0.015625 0.015625 0
0.015625 0.015625 0.015625 0
0.015625 0.015625 0.015625 0
0.0234375 0.0234375 0.0234375 0
0.0273438 0.0273438 0.0273438 0
0.0273438 0.0273438 0.0273438 0
0.0273438 0.0273438 0.0273438 0
0.0195313 0.0195313 0.0195313 0
0.015625 0.015625 0.015625 0
0.0195313 0.0195313 0.0195313 0
0.0234375 0.0234375 0.0234375 0
0.0273438 0.0273438 0.0273438 0
0.0273438 0.0273438 0.0273438 0
0.0234375 0.0234375 0.0234375 0
0.0195313 0.0195313 0.0195313 0
0.0195313 0.0195313 0.0195313 0
0.0234375 0.0234375 0.0234375 0
0.0234375 0.0234375 0.0234375 0
0.0273438 0.0273438 0.0273438 0
0.0234375 0.0234375 0.0234375 0
0.0234375 0.0234375 0.0234375 0
0.0273438 0.0273438 0.0273438 0
0.0273438 0.0273438 0.0273438 0
0.0234375 0.0234375 0.0234375 0
0.0195313 0.0195313 0.0195313 0
0.015625 0.015625 0.015625 0
0.0117188 0.0117188 0.0117188 0
0.015625 0.015625 0.015625 0
0.015625 0.015625 0.015625 0
0.0234375 0.0234375 0.0234375 0
0.0273438 0.0273438 0.0273438 0
0.0273438 0.0273438 0.0273438 0
0.0273438 0.0273438 0.0273438 0
0.0234375 0.0234375 0.0234375 0
0.0195313 0.0195313 0.0195313 0
0.0234375 0.0234375 0.0234375 0
0.0273438 0.0273438 0.0273438 0
0.0273438 0.0273438 0.0273438 0
0.0234375 0.0234375 0.0234375 0
0.0195313 0.0195313 0.0195313 0
0.015625 0.015625 0.015625 0
0.0195313 0.0195313 0.0195313 0
0.0234375 0.0234375 0.0234375 0
0.0273438 0.0273438 0.0273438 0
0.0273438 0.0273438 0.0273438 0
0.0273438 0.0273438 0.0273438 0
0.0234375 0.0234375 0.0234375 0
0.0234375 0.0234375 0.0234375 0
0.0234375 0.0234375 0.0234375 0
0.0234375 0.0234375 0.0234375 0
0.0195313 0.0195313 0.0195313 0
0.015625 0.015625 0.015625 0
0.015625 0.015625 0.015625 0
0.015625 0.015625 0.015625 0
0.0195313 0.0195313 0.0195313 0
0.0234375 0.0234375 0.0234375 0
0.0273438 0.0273438 0.0273438 0
0.03125 0.03125 0.03125 0
0.03125 0.03125 0.03125 0
0.0234375 0.0234375 0.0234375 0
0.0195313 0.0195313 0.0195313 0
0.0273438 0.0273438 0.0273438 0
0.03125 0.03125 0.03125 0
0.0273438 0.0273438 0.0273438 0
0.0234375 0.0234375 0.0234375 0
0.015625 0.015625 0.015625 0
0.015625 0.015625 0.015625 0
0.015625 0.015625 0.015625 0
0.0234375 0.0234375 0.0234375 0
0.0273438 0.0273438 0.0273438 0
0.0273438 0.0273438 0.0273438 0
0.0273438 0.0273438 0.0273438 0
0.0273438 0.0273438 0.0273438 0
0.0234375 0.0234375 0.0234375 0
0.0195313 0.0195313 0.0195313 0
0.0195313 0.0195313 0.0195313 0
0.0195313 0.0195313 0.0195313 0
0.0195313 0.0195313 0.0195313 0
0.0195313 0.0195313 0.0195313 0
0.0195313 0.0195313 0.0195313 0
0.0195313 0.0195313 0.0195313 0
0.0234375 0.0234375 0.0234375 0
0.03125 0.03125 0.03125 0
0.0351563 0.0351563 0.0351563 0
0.0351563 0.0351563 0.0351563 0
0.0273438 0.0273438 0.0273438 0
0.0234375 0.0234375 0.0234375 0
0.0273438 0.0273438 0.0273438 0
0.03125 0.03125 0.03125 0
0.0273438 0.0273438 0.0273438 0
0.0234375 0.0234375 0.0234375 0
0.0195313 0.0195313 0.0195313 0
0.015625 0.015625 0.015625 0
0.015625 0.015625 0.015625 0
0.0195313 0.0195313 0.0195313 0
0.0234375 0.0234375 0.0234375 0
0.0273438 0.0273438 0.0273438 0
0.0273438 0.0273438 0.0273438 0
0.0273438 0.0273438 0.0273438 0
0.0234375 0.0234375 0.0234375 0
0.015625 0.015625 0.015625 0
0.0195313 0.0195313 0.0195313 0
0.0234375 0.0234375 0.0234375 0
0.0234375 0.0234375 0.0234375 0
0.0234375 0.0234375 0.0234375 0
0.0195313 0.0195313 0.0195313 0
0.0195313 0.0195313 0.0195313 0
0.0234375 0.0234375 0.0234375 0
0.03125 0.03125 0.03125 0
0.0351563 0.0351563 0.0351563 0
0.03125 0.03125 0.03125 0
0.0273438 0.0273438 0.0273438 0
0.0273438 0.0273438 0.0273438 0
0.0273438 0.0273438 0.0273438 0
0.0273438 0.0273438 0.0273438 0
0.0234375 0.0234375 0.0234375 0
0.0195313 0.0195313 0.0195313 0
0.0195313 0.0195313 0.0195313 0
0.0195313 0.0195313 0.0195313 0
0.0195313 0.0195313 0.0195313 0
0.0195313 0.0195313 0.0195313 0
0.0195313 0.0195313 0.0195313 0
0.0234375 0.0234375 0.0234375 0
0.0273438 0.0273438 0.0273438 0
0.0234375 0.0234375 0.0234375 0
0.0195313 0.0195313 0.0195313 0
0.015625 0.015625 0.015625 0
0.0195313 0.0195313 0.0195313 0
0.0234375 0.0234375 0.0234375 0
0.0234375 0.0234375 0.0234375 0
0.0195313 0.0195313 0.0195313 0
0.0195313 0.0195313 0.0195313 0
0.015625 0.015625 0.015625 0
0.0234375 0.0234375 0.0234375 0
0.0273438 0.0273438 0.0273438 0
0.0273438 0.0273438 0.0273438 0
0.0273438 0.0273438 0.0273438 0
0.0273438 0.0273438 0.0273438 0
0.0273438 0.0273438 0.0273438 0
0.0234375 0.0234375 0.0234375 0
0.0234375 0.0234375 0.0234375 0
0.0195313 0.0195313 0.0195313 0
0.0195313 0.0195313 0.0195313 0
0.0195313 0.0195313 0.0195313 0
0.0234375 0.0234375 0.0234375 0
0.0195313 0.0195313 0.0195313 0
0.015625 0.015625 0.015625 0
0.0195313 0.0195313 0.0195313 0
0.0234375 0.0234375 0.0234375 0
0.0195313 0.0195313 0.0195313 0
0.015625 0.015625 0.015625 0
0.015625 0.015625 0.015625 0
0.015625 0.015625 0.015625 0
0.0195313 0.0195313 0.0195313 0
0.0234375 0.0234375 0.0234375 0
0.0195313 0.0195313 0.0195313 0
0.0195313 0.0195313 0.0195313 0
0.015625 0.015625 0.015625 0
0.015625 0.015625 0.015625 0
0.0234375 0.0234375 0.0234375 0
0.0273438 0.0273438 0.0273438 0
0.0234375 0.0234375 0.0234375 0
0.0234375 0.0234375 0.0234375 0
0.0273438 0.0273438 0.0273438 0
0.0273438 0.0273438 0.0273438 0
0.0234375 0.0234375 0.0234375 0
0.0195313 0.0195313 0.0195313 0
0.015625 0.015625 0.015625 0
0.015625 0.015625 0.015625 0
0.0195313 0.0195313 0.0195313 0
0.0234375 0.0234375 0.0234375 0
0.0195313 0.0195313 0.0195313 0
0.015625 0.015625 0.015625 0
0.0195313 0.0195313 0.0195313 0
0.0195313 0.0195313 0.0195313 0
0.0195313 0.0195313 0.0195313 0
0.0117188 0.0117188 0.0117188 0
0.0117188 0.0117188 0.0117188 0
0.015625 0.015625 0.015625 0
0.0195313 0.0195313 0.0195313 0
0.0234375 0.0234375 0.0234375 0
0.0234375 0.0234375 0.0234375 0
0.0234375 0.0234375 0.0234375 0
0.0195313 0.0195313 0.0195313 0
0.0195313 0.0195313 0.0195313 0
0.453125 0.453125 0.453125 1
0.359375 0.359375 0.359375 1
0.289063 0.289063 0.289063 1
0.253906 0.253906 0.253906 1
0.234375 0.234375 0.234375 1
0.226563 0.226563 0.226563 1
0.222656 0.222656 0.222656 1
0.222656 0.222656 0.222656 1
0.21875 0.21875 0.21875 1
0.214844 0.214844 0.214844 1
0.210938 0.210938 0.210938 1
0.203125 0.203125 0.203125 1
0.199219 0.199219 0.199219 1
0.199219 0.199219 0.199219 1
0.199219 0.199219 0.199219 1
0.199219 0.199219 0.199219 1
0.203125 0.203125 0.203125 1
0.207031 0.207031 0.207031 1
0.210938 0.210938 0.210938 1
0.210938 0.210938 0.210938 1
0.214844 0.214844 0.214844 1
0.367188 0.367188 0.367188 1
0.289063 0.289063 0.289063 1
0.238281 0.238281 0.238281 1
0.222656 0.222656 0.222656 1
0.222656 0.222656 0.222656 1
0.222656 0.222656 0.222656 1
0.226563 0.226563 0.226563 1
0.226563 0.226563 0.226563 1
0.222656 0.222656 0.222656 1
0.222656 0.222656 0.222656 1
0.214844 0.214844 0.214844 1
0.207031 0.207031 0.207031 1
0.207031 0.207031 0.207031 1
0.203125 0.203125 0.203125 1
0.207031 0.207031 0.207031 1
0.207031 0.207031 0.207031 1
0.210938 0.210938 0.210938 1
0.210938 0.210938 0.210938 1
0.210938 0.210938 0.210938 1
0.210938 0.210938 0.210938 1
0.214844 0.214844 0.214844 1
0.296875 0.296875 0.296875 1
0.246094 0.246094 0.246094 1
0.21875 0.21875 0.21875 1
0.210938 0.210938 0.210938 1
0.214844 0.214844 0.214844 1
0.222656 0.222656 0.222656 1
0.226563 0.226563 0.226563 1
0.230469 0.230469 0.230469 1
0.226563 0.226563 0.226563 1
0.222656 0.222656 0.222656 1
0.21875 0.21875 0.21875 1
0.214844 0.214844 0.214844 1
0.210938 0.210938 0.210938 1
0.207031 0.207031 0.207031 1
0.210938 0.210938 0.210938 1
0.214844 0.214844 0.214844 1
0.214844 0.214844 0.214844 1
0.210938 0.210938 0.210938 1
0.207031 0.207031 0.207031 1
0.210938 0.210938 0.210938 1
0.214844 0.214844 0.214844 1
0.25 0.25 0.25 1
0.222656 0.222656 0.222656 1
0.214844 0.214844 0.214844 1
0.214844 0.214844 0.214844 1
0.222656 0.222656 0.222656 1
0.230469 0.230469 0.230469 1
0.234375 0.234375 0.234375 1
0.234375 0.234375 0.234375 1
0.230469 0.230469 0.230469 1
0.222656 0.222656 0.222656 1
0.21875 0.21875 0.21875 1
0.214844 0.214844 0.214844 1
0.214844 0.214844 0.214844 1
0.214844 0.214844 0.214844 1
0.21875 0.21875 0.21875 1
0.21875 0.21875 0.21875 1
0.214844 0.214844 0.214844 1
0.207031 0.207031 0.207031 1
0.203125 0.203125 0.203125 1
0.207031 0.207031 0.207031 1
0.214844 0.214844 0.214844 1
0.222656 0.222656 0.222656 1
0.21875 0.21875 0.21875 1
0.21875 0.21875 0.21875 1
0.222656 0.222656 0.222656 1
0.230469 0.230469 0.230469 1
0.238281 0.238281 0.238281 1
0.242188 0.242188 0.242188 1
0.238281 0.238281 0.238281 1
0.230469 0.230469 0.230469 1
0.222656 0.222656 0.222656 1
0.21875 0.21875 0.21875 1
0.214844 0.214844 0.214844 1
0.214844 0.214844 0.214844 1
0.222656 0.222656 0.222656 1
0.222656 0.222656 0.222656 1
0.222656 0.222656 0.222656 1
0.214844 0.214844 0.214844 1
0.203125 0.203125 0.203125 1
0.195313 0.195313 0.195313 1
0.203125 0.203125 0.203125 1
0.210938 0.210938 0.210938 1
0.214844 0.214844 0.214844 1
0.21875 0.21875 0.21875 1
0.222656 0.222656 0.222656 1
0.226563 0.226563 0.226563 1
0.234375 0.234375 0.234375 1
0.238281 0.238281 0.238281 1
0.238281 0.238281 0.238281 1
0.234375 0.234375 0.234375 1
0.230469 0.230469 0.230469 1
0.226563 0.226563 0.226563 1
0.222656 0.222656 0.222656 1
0.21875 0.21875 0.21875 1
0.21875 0.21875 0.21875 1
0.222656 0.222656 0.222656 1
0.226563 0.226563 0.226563 1
0.222656 0.222656 0.222656 1
0.210938 0.210938 0.210938 1
0.199219 0.199219 0.199219 1
0.191406 0.191406 0.191406 1
0.195313 0.195313 0.195313 1
0.203125 0.203125 0.203125 1
0.214844 0.214844 0.214844 1
0.214844 0.214844 0.214844 1
0.222656 0.222656 0.222656 1
0.222656 0.222656 0.222656 1
0.226563 0.226563 0.226563 1
0.230469 0.230469 0.230469 1
0.230469 0.230469 0.230469 1
0.230469 0.230469 0.230469 1
0.230469 0.230469 0.230469 1
0.230469 0.230469 0.230469 1
0.226563 0.226563 0.226563 1
0.222656 0.222656 0.222656 1
0.222656 0.222656 0.222656 1
0.222656 0.222656 0.222656 1
0.226563 0.226563 0.226563 1
0.222656 0.222656 0.222656 1
0.210938 0.210938 0.210938 1
0.199219 0.199219 0.199219 1
0.191406 0.191406 0.191406 1
0.191406 0.191406 0.191406 1
0.199219 0.199219 0.199219 1
0.214844 0.214844 0.214844 1
0.210938 0.210938 0.210938 1
0.214844 0.214844 0.214844 1
0.21875 0.21875 0.21875 1
0.222656 0.222656 0.222656 1
0.222656 0.222656 0.222656 1
0.222656 0.222656 0.222656 1
0.226563 0.226563 0.226563 1
0.234375 0.234375 0.234375 1
0.234375 0.234375 0.234375 1
0.234375 0.234375 0.234375 1
0.226563 0.226563 0.226563 1
0.21875 0.21875 0.21875 1
0.21875 0.21875 0.21875 1
0.21875 0.21875 0.21875 1
0.21875 0.21875 0.21875 1
0.214844 0.214844 0.214844 1
0.203125 0.203125 0.203125 1
0.195313 0.195313 0.195313 1
0.195313 0.195313 0.195313 1
0.203125 0.203125 0.203125 1
0.210938 0.210938 0.210938 1
0.210938 0.210938 0.210938 1
0.214844 0.214844 0.214844 1
0.21875 0.21875 0.21875 1
0.21875 0.21875 0.21875 1
0.21875 0.21875 0.21875 1
0.222656 0.222656 0.222656 1
0.222656 0.222656 0.222656 1
0.230469 0.230469 0.230469 1
0.238281 0.238281 0.238281 1
0.234375 0.234375 0.234375 1
0.226563 0.226563 0.226563 1
0.214844 0.214844 0.214844 1
0.210938 0.210938 0.210938 1
0.210938 0.210938 0.210938 1
0.214844 0.214844 0.214844 1
0.214844 0.214844 0.214844 1
0.207031 0.207031 0.207031 1
0.203125 0.203125 0.203125 1
0.207031 0.207031 0.207031 1
0.207031 0.207031 0.207031 1
0.207031 0.207031 0.207031 1
0.210938 0.210938 0.210938 1
0.21875 0.21875 0.21875 1
0.222656 0.222656 0.222656 1
0.222656 0.222656 0.222656 1
0.222656 0.222656 0.222656 1
0.222656 0.222656 0.222656 1
0.222656 0.222656 0.222656 1
0.226563 0.226563 0.226563 1
0.230469 0.230469 0.230469 1
0.226563 0.226563 0.226563 1
0.222656 0.222656 0.222656 1
0.214844 0.214844 0.214844 1
0.207031 0.207031 0.207031 1
0.210938 0.210938 0.210938 1
0.214844 0.214844 0.214844 1
0.214844 0.214844 0.214844 1
0.21875 0.21875 0.21875 1
0.21875 0.21875 0.21875 1
0.21875 0.21875 0.21875 1
0.214844 0.214844 0.214844 1
0.210938 0.210938 0.210938 1
0.21875 0.21875 0.21875 1
0.226563 0.226563 0.226563 1
0.230469 0.230469 0.230469 1
0.226563 0.226563 0.226563 1
0.222656 0.222656 0.222656 1
0.21875 0.21875 0.21875 1
0.21875 0.21875 0.21875 1
0.21875 0.21875 0.21875 1
0.21875 0.21875 0.21875 1
0.21875 0.21875 0.21875 1
0.21875 0.21875 0.21875 1
0.214844 0.214844 0.214844 1
0.214844 0.214844 0.214844 1
0.214844 0.214844 0.214844 1
0.214844 0.214844 0.214844 1
0.21875 0.21875 0.21875 1
0.222656 0.222656 0.222656 1
0.222656 0.222656 0.222656 1
0.222656 0.222656 0.222656 1
0.21875 0.21875 0.21875 1
0.222656 0.222656 0.222656 1
0.230469 0.230469 0.230469 1
0.234375 0.234375 0.234375 1
0.230469 0.230469 0.230469 1
0.222656 0.222656 0.222656 1
0.214844 0.214844 0.214844 1
0.207031 0.207031 0.207031 1
0.207031 0.207031 0.207031 1
0.210938 0.210938 0.210938 1
0.210938 0.210938 0.210938 1
0.214844 0.214844 0.214844 1
0.21875 0.21875 0.21875 1
0.222656 0.222656 0.222656 1
0.222656 0.222656 0.222656 1
0.222656 0.222656 0.222656 1
0.21875 0.21875 0.21875 1
0.21875 0.21875 0.21875 1
0.222656 0.222656 0.222656 1
0.222656 0.222656 0.222656 1
0.21875 0.21875 0.21875 1
0.210938 0.210938 0.210938 1
0.234375 0.234375 0.234375 1
0.238281 0.238281 0.238281 1
0.238281 0.238281 0.238281 1
0.226563 0.226563 0.226563 1
0.214844 0.214844 0.214844 1
0.207031 0.207031 0.207031 1
0.199219 0.199219 0.199219 1
0.203125 0.203125 0.203125 1
0.207031 0.207031 0.207031 1
0.207031 0.207031 0.207031 1
0.214844 0.214844 0.214844 1
0.222656 0.222656 0.222656 1
0.226563 0.226563 0.226563 1
0.226563 0.226563 0.226563 1
0.222656 0.222656 0.222656 1
0.21875 0.21875 0.21875 1
0.21875 0.21875 0.21875 1
0.21875 0.21875 0.21875 1
0.21875 0.21875 0.21875 1
0.214844 0.214844 0.214844 1
0.207031 0.207031 0.207031 1
0.242188 0.242188 0.242188 1
0.238281 0.238281 0.238281 1
0.234375 0.234375 0.234375 1
0.222656 0.222656 0.222656 1
0.210938 0.210938 0.210938 1
0.207031 0.207031 0.207031 1
0.207031 0.207031 0.207031 1
0.207031 0.207031 0.207031 1
0.210938 0.210938 0.210938 1
0.214844 0.214844 0.214844 1
0.21875 0.21875 0.21875 1
0.222656 0.222656 0.222656 1
0.226563 0.226563 0.226563 1
0.226563 0.226563 0.226563 1
0.222656 0.222656 0.222656 1
0.21875 0.21875 0.21875 1
0.21875 0.21875 0.21875 1
0.21875 0.21875 0.21875 1
0.214844 0.214844 0.214844 1
0.214844 0.214844 0.214844 1
0.210938 0.210938 0.210938 1
0.242188 0.242188 0.242188 1
0.234375 0.234375 0.234375 1
0.222656 0.222656 0.222656 1
0.21875 0.21875 0.21875 1
0.214844 0.214844 0.214844 1
0.214844 0.214844 0.214844 1
0.21875 0.21875 0.21875 1
0.21875 0.21875 0.21875 1
0.222656 0.222656 0.222656 1
0.222656 0.222656 0.222656 1
0.21875 0.21875 0.21875 1
0.21875 0.21875 0.21875 1
0.222656 0.222656 0.222656 1
0.222656 0.222656 0.222656 1
0.222656 0.222656 0.222656 1
0.222656 0.222656 0.222656 1
0.21875 0.21875 0.21875 1
0.214844 0.214844 0.214844 1
0.214844 0.214844 0.214844 1
0.210938 0.210938 0.210938 1
0.214844 0.214844 0.214844 1
0.238281 0.238281 0.238281 1
0.226563 0.226563 0.226563 1
0.214844 0.214844 0.214844 1
0.210938 0.210938 0.210938 1
0.214844 0.214844 0.214844 1
0.21875 0.21875 0.21875 1
0.222656 0.222656 0.222656 1
0.222656 0.222656 0.222656 1
0.21875 0.21875 0.21875 1
0.214844 0.214844 0.214844 1
0.214844 0.214844 0.214844 1
0.210938 0.210938 0.210938 1
0.214844 0.214844 0.214844 1
0.21875 0.21875 0.21875 1
0.222656 0.222656 0.222656 1
0.222656 0.222656 0.222656 1
0.21875 0.21875 0.21875 1
0.214844 0.214844 0.214844 1
0.210938 0.210938 0.210938 1
0.207031 0.207031 0.207031 1
0.210938 0.210938 0.210938 1
0.199219 0.199219 0.199219 1
0.199219 0.199219 0.199219 1
0.199219 0.199219 0.199219 1
0.195313 0.195313 0.195313 1
0.195313 0.195313 0.195313 1
0.195313 0.195313 0.195313 1
0.195313 0.195313 0.195313 1
0.203125 0.203125 0.203125 1
0.214844 0.214844 0.214844 1
0.226563 0.226563 0.226563 1
0.238281 0.238281 0.238281 1
0.238281 0.238281 0.238281 1
0.238281 0.238281 0.238281 1
0.238281 0.238281 0.238281 1
0.234375 0.234375 0.234375 1
0.226563 0.226563 0.226563 1
0.222656 0.222656 0.222656 1
0.222656 0.222656 0.222656 1
0.21875 0.21875 0.21875 1
0.214844 0.214844 0.214844 1
0.21875 0.21875 0.21875 1
0.222656 0.222656 0.222656 1
0.222656 0.222656 0.222656 1
0.222656 0.222656 0.222656 1
0.214844 0.214844 0.214844 1
0.207031 0.207031 0.207031 1
0.207031 0.207031 0.207031 1
0.207031 0.207031 0.207031 1
0.222656 0.222656 0.222656 1
0.238281 0.238281 0.238281 1
0.269531 0.269531 0.269531 1
0.195313 0.195313 0.195313 1
0.199219 0.199219 0.199219 1
0.203125 0.203125 0.203125 1
0.203125 0.203125 0.203125 1
0.199219 0.199219 0.199219 1
0.191406 0.191406 0.191406 1
0.191406 0.191406 0.191406 1
0.191406 0.191406 0.191406 1
0.203125 0.203125 0.203125 1
0.214844 0.214844 0.214844 1
0.222656 0.222656 0.222656 1
0.226563 0.226563 0.226563 1
0.226563 0.226563 0.226563 1
0.226563 0.226563 0.226563 1
0.226563 0.226563 0.226563 1
0.222656 0.222656 0.222656 1
0.222656 0.222656 0.222656 1
0.222656 0.222656 0.222656 1
0.21875 0.21875 0.21875 1
0.222656 0.222656 0.222656 1
0.222656 0.222656 0.222656 1
0.222656 0.222656 0.222656 1
0.222656 0.222656 0.222656 1
0.214844 0.214844 0.214844 1
0.210938 0.210938 0.210938 1
0.207031 0.207031 0.207031 1
0.207031 0.207031 0.207031 1
0.210938 0.210938 0.210938 1
0.226563 0.226563 0.226563 1
0.253906 0.253906 0.253906 1
0.300781 0.300781 0.300781 1
0.195313 0.195313 0.195313 1
0.195313 0.195313 0.195313 1
0.203125 0.203125 0.203125 1
0.207031 0.207031 0.207031 1
0.203125 0.203125 0.203125 1
0.195313 0.195313 0.195313 1
0.1875 0.1875 0.1875 1
0.1875 0.1875 0.1875 1
0.195313 0.195313 0.195313 1
0.207031 0.207031 0.207031 1
0.214844 0.214844 0.214844 1
0.21875 0.21875 0.21875 1
0.21875 0.21875 0.21875 1
0.21875 0.21875 0.21875 1
0.21875 0.21875 0.21875 1
0.222656 0.222656 0.222656 1
0.222656 0.222656 0.222656 1
0.222656 0.222656 0.222656 1
0.222656 0.222656 0.222656 1
0.222656 0.222656 0.222656 1
0.222656 0.222656 0.222656 1
0.21875 0.21875 0.21875 1
0.21875 0.21875 0.21875 1
0.214844 0.214844 0.214844 1
0.210938 0.210938 0.210938 1
0.210938 0.210938 0.210938 1
0.210938 0.210938 0.210938 1
0.21875 0.21875 0.21875 1
0.238281 0.238281 0.238281 1
0.273438 0.273438 0.273438 1
0.320313 0.320313 0.320313 1
0.195313 0.195313 0.195313 1
0.195313 0.195313 0.195313 1
0.203125 0.203125 0.203125 1
0.207031 0.207031 0.207031 1
0.203125 0.203125 0.203125 1
0.195313 0.195313 0.195313 1
0.1875 0.1875 0.1875 1
0.183594 0.183594 0.183594 1
0.191406 0.191406 0.191406 1
0.207031 0.207031 0.207031 1
0.214844 0.214844 0.214844 1
0.21875 0.21875 0.21875 1
0.21875 0.21875 0.21875 1
0.214844 0.214844 0.214844 1
0.214844 0.214844 0.214844 1
0.21875 0.21875 0.21875 1
0.222656 0.222656 0.222656 1
0.226563 0.226563 0.226563 1
0.226563 0.226563 0.226563 1
0.226563 0.226563 0.226563 1
0.222656 0.222656 0.222656 1
0.214844 0.214844 0.214844 1
0.214844 0.214844 0.214844 1
0.214844 0.214844 0.214844 1
0.214844 0.214844 0.214844 1
0.214844 0.214844 0.214844 1
0.21875 0.21875 0.21875 1
0.234375 0.234375 0.234375 1
0.253906 0.253906 0.253906 1
0.289063 0.289063 0.289063 1
0.332031 0.332031 0.332031 1
0.199219 0.199219 0.199219 1
0.195313 0.195313 0.195313 1
0.199219 0.199219 0.199219 1
0.203125 0.203125 0.203125 1
0.203125 0.203125 0.203125 1
0.195313 0.195313 0.195313 1
0.1875 0.1875 0.1875 1
0.183594 0.183594 0.183594 1
0.191406 0.191406 0.191406 1
0.203125 0.203125 0.203125 1
0.210938 0.210938 0.210938 1
0.21875 0.21875 0.21875 1
0.21875 0.21875 0.21875 1
0.214844 0.214844 0.214844 1
0.214844 0.214844 0.214844 1
0.21875 0.21875 0.21875 1
0.222656 0.222656 0.222656 1
0.226563 0.226563 0.226563 1
0.230469 0.230469 0.230469 1
0.226563 0.226563 0.226563 1
0.222656 0.222656 0.222656 1
0.214844 0.214844 0.214844 1
0.210938 0.210938 0.210938 1
0.214844 0.214844 0.214844 1
0.214844 0.214844 0.214844 1
0.214844 0.214844 0.214844 1
0.226563 0.226563 0.226563 1
0.242188 0.242188 0.242188 1
0.265625 0.265625 0.265625 1
0.296875 0.296875 0.296875 1
0.324219 0.324219 0.324219 1
0.214844 0.214844 0.214844 1
0.203125 0.203125 0.203125 1
0.203125 0.203125 0.203125 1
0.203125 0.203125 0.203125 1
0.203125 0.203125 0.203125 1
0.195313 0.195313 0.195313 1
0.191406 0.191406 0.191406 1
0.1875 0.1875 0.1875 1
0.1875 0.1875 0.1875 1
0.199219 0.199219 0.199219 1
0.207031 0.207031 0.207031 1
0.21875 0.21875 0.21875 1
0.222656 0.222656 0.222656 1
0.21875 0.21875 0.21875 1
0.21875 0.21875 0.21875 1
0.21875 0.21875 0.21875 1
0.222656 0.222656 0.222656 1
0.230469 0.230469 0.230469 1
0.230469 0.230469 0.230469 1
0.226563 0.226563 0.226563 1
0.222656 0.222656 0.222656 1
0.21875 0.21875 0.21875 1
0.214844 0.214844 0.214844 1
0.214844 0.214844 0.214844 1
0.210938 0.210938 0.210938 1
0.21875 0.21875 0.21875 1
0.230469 0.230469 0.230469 1
0.246094 0.246094 0.246094 1
0.269531 0.269531 0.269531 1
0.285156 0.285156 0.285156 1
0.300781 0.300781 0.300781 1
0.230469 0.230469 0.230469 1
0.210938 0.210938 0.210938 1
0.207031 0.207031 0.207031 1
0.203125 0.203125 0.203125 1
0.203125 0.203125 0.203125 1
0.199219 0.199219 0.199219 1
0.195313 0.195313 0.195313 1
0.195313 0.195313 0.195313 1
0.195313 0.195313 0.195313 1
0.203125 0.203125 0.203125 1
0.210938 0.210938 0.210938 1
0.222656 0.222656 0.222656 1
0.222656 0.222656 0.222656 1
0.222656 0.222656 0.222656 1
0.222656 0.222656 0.222656 1
0.222656 0.222656 0.222656 1
0.226563 0.226563 0.226563 1
0.230469 0.230469 0.230469 1
0.226563 0.226563 0.226563 1
0.222656 0.222656 0.222656 1
0.21875 0.21875 0.21875 1
0.21875 0.21875 0.21875 1
0.21875 0.21875 0.21875 1
0.222656 0.222656 0.222656 1
0.222656 0.222656 0.222656 1
0.222656 0.222656 0.222656 1
0.234375 0.234375 0.234375 1
0.246094 0.246094 0.246094 1
0.261719 0.261719 0.261719 1
0.273438 0.273438 0.273438 1
0.273438 0.273438 0.273438 1
0.25 0.25 0.25 1
0.21875 0.21875 0.21875 1
0.207031 0.207031 0.207031 1
0.207031 0.207031 0.207031 1
0.207031 0.207031 0.207031 1
0.203125 0.203125 0.203125 1
0.203125 0.203125 0.203125 1
0.203125 0.203125 0.203125 1
0.207031 0.207031 0.207031 1
0.214844 0.214844 0.214844 1
0.21875 0.21875 0.21875 1
0.222656 0.222656 0.222656 1
0.226563 0.226563 0.226563 1
0.230469 0.230469 0.230469 1
0.230469 0.230469 0.230469 1
0.230469 0.230469 0.230469 1
0.230469 0.230469 0.230469 1
0.230469 0.230469 0.230469 1
0.222656 0.222656 0.222656 1
0.21875 0.21875 0.21875 1
0.214844 0.214844 0.214844 1
0.214844 0.214844 0.214844 1
0.222656 0.222656 0.222656 1
0.230469 0.230469 0.230469 1
0.234375 0.234375 0.234375 1
0.234375 0.234375 0.234375 1
0.238281 0.238281 0.238281 1
0.242188 0.242188 0.242188 1
0.25 0.25 0.25 1
0.253906 0.253906 0.253906 1
0.253906 0.253906 0.253906 1
0.273438 0.273438 0.273438 1
0.230469 0.230469 0.230469 1
0.210938 0.210938 0.210938 1
0.207031 0.207031 0.207031 1
0.203125 0.203125 0.203125 1
0.203125 0.203125 0.203125 1
0.207031 0.207031 0.207031 1
0.210938 0.210938 0.210938 1
0.21875 0.21875 0.21875 1
0.222656 0.222656 0.222656 1
0.222656 0.222656 0.222656 1
0.222656 0.222656 0.222656 1
0.226563 0.226563 0.226563 1
0.230469 0.230469 0.230469 1
0.234375 0.234375 0.234375 1
0.234375 0.234375 0.234375 1
0.230469 0.230469 0.230469 1
0.230469 0.230469 0.230469 1
0.226563 0.226563 0.226563 1
0.21875 0.21875 0.21875 1
0.214844 0.214844 0.214844 1
0.214844 0.214844 0.214844 1
0.222656 0.222656 0.222656 1
0.234375 0.234375 0.234375 1
0.238281 0.238281 0.238281 1
0.238281 0.238281 0.238281 1
0.234375 0.234375 0.234375 1
0.234375 0.234375 0.234375 1
0.238281 0.238281 0.238281 1
0.242188 0.242188 0.242188 1
0.242188 0.242188 0.242188 1
0.308594 0.308594 0.308594 1
0.253906 0.253906 0.253906 1
0.222656 0.222656 0.222656 1
0.207031 0.207031 0.207031 1
0.203125 0.203125 0.203125 1
0.199219 0.199219 0.199219 1
0.207031 0.207031 0.207031 1
0.214844 0.214844 0.214844 1
0.222656 0.222656 0.222656 1
0.226563 0.226563 0.226563 1
0.222656 0.222656 0.222656 1
0.222656 0.222656 0.222656 1
0.222656 0.222656 0.222656 1
0.226563 0.226563 0.226563 1
0.230469 0.230469 0.230469 1
0.230469 0.230469 0.230469 1
0.234375 0.234375 0.234375 1
0.230469 0.230469 0.230469 1
0.226563 0.226563 0.226563 1
0.21875 0.21875 0.21875 1
0.214844 0.214844 0.214844 1
0.210938 0.210938 0.210938 1
0.21875 0.21875 0.21875 1
0.230469 0.230469 0.230469 1
0.234375 0.234375 0.234375 1
0.234375 0.234375 0.234375 1
0.226563 0.226563 0.226563 1
0.222656 0.222656 0.222656 1
0.226563 0.226563 0.226563 1
0.230469 0.230469 0.230469 1
0.234375 0.234375 0.234375 1
0.359375 0.359375 0.359375 1
0.300781 0.300781 0.300781 1
0.257813 0.257813 0.257813 1
0.234375 0.234375 0.234375 1
0.222656 0.222656 0.222656 1
0.210938 0.210938 0.210938 1
0.214844 0.214844 0.214844 1
0.21875 0.21875 0.21875 1
0.222656 0.222656 0.222656 1
0.226563 0.226563 0.226563 1
0.222656 0.222656 0.222656 1
0.21875 0.21875 0.21875 1
0.21875 0.21875 0.21875 1
0.222656 0.222656 0.222656 1
0.226563 0.226563 0.226563 1
0.230469 0.230469 0.230469 1
0.230469 0.230469 0.230469 1
0.226563 0.226563 0.226563 1
0.222656 0.222656 0.222656 1
0.21875 0.21875 0.21875 1
0.210938 0.210938 0.210938 1
0.207031 0.207031 0.207031 1
0.210938 0.210938 0.210938 1
0.222656 0.222656 0.222656 1
0.222656 0.222656 0.222656 1
0.222656 0.222656 0.222656 1
0.21875 0.21875 0.21875 1
0.214844 0.214844 0.214844 1
0.21875 0.21875 0.21875 1
0.222656 0.222656 0.222656 1
0.230469 0.230469 0.230469 1
0.601563 0.601563 0.601563 3
0.605469 0.605469 0.605469 3
0.597656 0.597656 0.597656 3
0.585938 0.585938 0.585938 3
0.570313 0.570313 0.570313 3
0.554688 0.554688 0.554688 3
0.539063 0.539063 0.539063 3
0.523438 0.523438 0.523438 3
0.511719 0.511719 0.511719 3
0.5 0.5 0.5 3
0.492188 0.492188 0.492188 3
0.484375 0.484375 0.484375 3
0.472656 0.472656 0.472656 3
0.457031 0.457031 0.457031 3
0.433594 0.433594 0.433594 3
0.40625 0.40625 0.40625 3
0.378906 0.378906 0.378906 3
0.359375 0.359375 0.359375 3
0.351563 0.351563 0.351563 3
0.363281 0.363281 0.363281 3
0.390625 0.390625 0.390625 3
0.417969 0.417969 0.417969 3
0.449219 0.449219 0.449219 3
0.472656 0.472656 0.472656 3
0.5 0.5 0.5 3
0.523438 0.523438 0.523438 3
0.585938 0.585938 0.585938 3
0.597656 0.597656 0.597656 3
0.601563 0.601563 0.601563 3
0.597656 0.597656 0.597656 3
0.59375 0.59375 0.59375 3
0.582031 0.582031 0.582031 3
0.566406 0.566406 0.566406 3
0.546875 0.546875 0.546875 3
0.523438 0.523438 0.523438 3
0.503906 0.503906 0.503906 3
0.492188 0.492188 0.492188 3
0.480469 0.480469 0.480469 3
0.480469 0.480469 0.480469 3
0.472656 0.472656 0.472656 3
0.460938 0.460938 0.460938 3
0.441406 0.441406 0.441406 3
0.410156 0.410156 0.410156 3
0.382813 0.382813 0.382813 3
0.367188 0.367188 0.367188 3
0.367188 0.367188 0.367188 3
0.382813 0.382813 0.382813 3
0.40625 0.40625 0.40625 3
0.433594 0.433594 0.433594 3
0.460938 0.460938 0.460938 3
0.484375 0.484375 0.484375 3
0.507813 0.507813 0.507813 3
0.554688 0.554688 0.554688 3
0.574219 0.574219 0.574219 3
0.589844 0.589844 0.589844 3
0.601563 0.601563 0.601563 3
0.605469 0.605469 0.605469 3
0.601563 0.601563 0.601563 3
0.585938 0.585938 0.585938 3
0.570313 0.570313 0.570313 3
0.542969 0.542969 0.542969 3
0.523438 0.523438 0.523438 3
0.503906 0.503906 0.503906 3
0.488281 0.488281 0.488281 3
0.480469 0.480469 0.480469 3
0.472656 0.472656 0.472656 3
0.464844 0.464844 0.464844 3
0.453125 0.453125 0.453125 3
0.4375 0.4375 0.4375 3
0.417969 0.417969 0.417969 3
0.402344 0.402344 0.402344 3
0.390625 0.390625 0.390625 3
0.398438 0.398438 0.398438 3
0.410156 0.410156 0.410156 3
0.429688 0.429688 0.429688 3
0.449219 0.449219 0.449219 3
0.46875 0.46875 0.46875 3
0.492188 0.492188 0.492188 3
0.53125 0.53125 0.53125 3
0.550781 0.550781 0.550781 3
0.570313 0.570313 0.570313 3
0.59375 0.59375 0.59375 3
0.605469 0.605469 0.605469 3
0.609375 0.609375 0.609375 3
0.601563 0.601563 0.601563 3
0.585938 0.585938 0.585938 3
0.570313 0.570313 0.570313 3
0.550781 0.550781 0.550781 3
0.53125 0.53125 0.53125 3
0.507813 0.507813 0.507813 3
0.488281 0.488281 0.488281 3
0.472656 0.472656 0.472656 3
0.464844 0.464844 0.464844 3
0.460938 0.460938 0.460938 3
0.453125 0.453125 0.453125 3
0.445313 0.445313 0.445313 3
0.433594 0.433594 0.433594 3
0.417969 0.417969 0.417969 3
0.414063 0.414063 0.414063 3
0.417969 0.417969 0.417969 3
0.429688 0.429688 0.429688 3
0.445313 0.445313 0.445313 3
0.457031 0.457031 0.457031 3
0.480469 0.480469 0.480469 3
0.511719 0.511719 0.511719 3
0.535156 0.535156 0.535156 3
0.554688 0.554688 0.554688 3
0.578125 0.578125 0.578125 3
0.601563 0.601563 0.601563 3
0.609375 0.609375 0.609375 3
0.609375 0.609375 0.609375 3
0.605469 0.605469 0.605469 3
0.597656 0.597656 0.597656 3
0.582031 0.582031 0.582031 3
0.5625 0.5625 0.5625 3
0.539063 0.539063 0.539063 3
0.515625 0.515625 0.515625 3
0.496094 0.496094 0.496094 3
0.480469 0.480469 0.480469 3
0.46875 0.46875 0.46875 3
0.464844 0.464844 0.464844 3
0.457031 0.457031 0.457031 3
0.445313 0.445313 0.445313 3
0.433594 0.433594 0.433594 3
0.421875 0.421875 0.421875 3
0.417969 0.417969 0.417969 3
0.425781 0.425781 0.425781 3
0.4375 0.4375 0.4375 3
0.449219 0.449219 0.449219 3
0.46875 0.46875 0.46875 3
0.503906 0.503906 0.503906 3
0.519531 0.519531 0.519531 3
0.535156 0.535156 0.535156 3
0.558594 0.558594 0.558594 3
0.582031 0.582031 0.582031 3
0.597656 0.597656 0.597656 3
0.609375 0.609375 0.609375 3
0.613281 0.613281 0.613281 3
0.613281 0.613281 0.613281 3
0.605469 0.605469 0.605469 3
0.59375 0.59375 0.59375 3
0.570313 0.570313 0.570313 3
0.550781 0.550781 0.550781 3
0.527344 0.527344 0.527344 3
0.507813 0.507813 0.507813 3
0.492188 0.492188 0.492188 3
0.476563 0.476563 0.476563 3
0.464844 0.464844 0.464844 3
0.453125 0.453125 0.453125 3
0.441406 0.441406 0.441406 3
0.429688 0.429688 0.429688 3
0.421875 0.421875 0.421875 3
0.421875 0.421875 0.421875 3
0.429688 0.429688 0.429688 3
0.441406 0.441406 0.441406 3
0.457031 0.457031 0.457031 3
0.496094 0.496094 0.496094 3
0.503906 0.503906 0.503906 3
0.511719 0.511719 0.511719 3
0.527344 0.527344 0.527344 3
0.550781 0.550781 0.550781 3
0.570313 0.570313 0.570313 3
0.59375 0.59375 0.59375 3
0.605469 0.605469 0.605469 3
0.617188 0.617188 0.617188 3
0.617188 0.617188 0.617188 3
0.609375 0.609375 0.609375 3
0.597656 0.597656 0.597656 3
0.578125 0.578125 0.578125 3
0.558594 0.558594 0.558594 3
0.539063 0.539063 0.539063 3
0.519531 0.519531 0.519531 3
0.496094 0.496094 0.496094 3
0.476563 0.476563 0.476563 3
0.464844 0.464844 0.464844 3
0.453125 0.453125 0.453125 3
0.441406 0.441406 0.441406 3
0.425781 0.425781 0.425781 3
0.417969 0.417969 0.417969 3
0.417969 0.417969 0.417969 3
0.433594 0.433594 0.433594 3
0.449219 0.449219 0.449219 3
0.484375 0.484375 0.484375 3
0.488281 0.488281 0.488281 3
0.488281 0.488281 0.488281 3
0.496094 0.496094 0.496094 3
0.519531 0.519531 0.519531 3
0.542969 0.542969 0.542969 3
0.570313 0.570313 0.570313 3
0.585938 0.585938 0.585938 3
0.601563 0.601563 0.601563 3
0.609375 0.609375 0.609375 3
0.609375 0.609375 0.609375 3
0.601563 0.601563 0.601563 3
0.59375 0.59375 0.59375 3
0.582031 0.582031 0.582031 3
0.566406 0.566406 0.566406 3
0.542969 0.542969 0.542969 3
0.515625 0.515625 0.515625 3
0.492188 0.492188 0.492188 3
0.480469 0.480469 0.480469 3
0.464844 0.464844 0.464844 3
0.449219 0.449219 0.449219 3
0.433594 0.433594 0.433594 3
0.414063 0.414063 0.414063 3
0.414063 0.414063 0.414063 3
0.425781 0.425781 0.425781 3
0.441406 0.441406 0.441406 3
0.480469 0.480469 0.480469 3
0.480469 0.480469 0.480469 3
0.480469 0.480469 0.480469 3
0.488281 0.488281 0.488281 3
0.507813 0.507813 0.507813 3
0.527344 0.527344 0.527344 3
0.546875 0.546875 0.546875 3
0.558594 0.558594 0.558594 3
0.574219 0.574219 0.574219 3
0.582031 0.582031 0.582031 3
0.589844 0.589844 0.589844 3
0.589844 0.589844 0.589844 3
0.585938 0.585938 0.585938 3
0.582031 0.582031 0.582031 3
0.570313 0.570313 0.570313 3
0.554688 0.554688 0.554688 3
0.527344 0.527344 0.527344 3
0.507813 0.507813 0.507813 3
0.492188 0.492188 0.492188 3
0.476563 0.476563 0.476563 3
0.457031 0.457031 0.457031 3
0.433594 0.433594 0.433594 3
0.417969 0.417969 0.417969 3
0.414063 0.414063 0.414063 3
0.421875 0.421875 0.421875 3
0.4375 0.4375 0.4375 3
0.476563 0.476563 0.476563 3
0.480469 0.480469 0.480469 3
0.480469 0.480469 0.480469 3
0.488281 0.488281 0.488281 3
0.503906 0.503906 0.503906 3
0.519531 0.519531 0.519531 3
0.527344 0.527344 0.527344 3
0.535156 0.535156 0.535156 3
0.542969 0.542969 0.542969 3
0.554688 0.554688 0.554688 3
0.566406 0.566406 0.566406 3
0.574219 0.574219 0.574219 3
0.574219 0.574219 0.574219 3
0.574219 0.574219 0.574219 3
0.570313 0.570313 0.570313 3
0.558594 0.558594 0.558594 3
0.539063 0.539063 0.539063 3
0.519531 0.519531 0.519531 3
0.5 0.5 0.5 3
0.480469 0.480469 0.480469 3
0.460938 0.460938 0.460938 3
0.4375 0.4375 0.4375 3
0.417969 0.417969 0.417969 3
0.410156 0.410156 0.410156 3
0.417969 0.417969 0.417969 3
0.433594 0.433594 0.433594 3
0.476563 0.476563 0.476563 3
0.480469 0.480469 0.480469 3
0.484375 0.484375 0.484375 3
0.492188 0.492188 0.492188 3
0.503906 0.503906 0.503906 3
0.515625 0.515625 0.515625 3
0.519531 0.519531 0.519531 3
0.523438 0.523438 0.523438 3
0.527344 0.527344 0.527344 3
0.539063 0.539063 0.539063 3
0.550781 0.550781 0.550781 3
0.5625 0.5625 0.5625 3
0.570313 0.570313 0.570313 3
0.574219 0.574219 0.574219 3
0.570313 0.570313 0.570313 3
0.5625 0.5625 0.5625 3
0.546875 0.546875 0.546875 3
0.523438 0.523438 0.523438 3
0.503906 0.503906 0.503906 3
0.480469 0.480469 0.480469 3
0.460938 0.460938 0.460938 3
0.4375 0.4375 0.4375 3
0.417969 0.417969 0.417969 3
0.40625 0.40625 0.40625 3
0.40625 0.40625 0.40625 3
0.417969 0.417969 0.417969 3
0.476563 0.476563 0.476563 3
0.484375 0.484375 0.484375 3
0.492188 0.492188 0.492188 3
0.496094 0.496094 0.496094 3
0.503906 0.503906 0.503906 3
0.511719 0.511719 0.511719 3
0.515625 0.515625 0.515625 3
0.519531 0.519531 0.519531 3
0.519531 0.519531 0.519531 3
0.527344 0.527344 0.527344 3
0.539063 0.539063 0.539063 3
0.550781 0.550781 0.550781 3
0.5625 0.5625 0.5625 3
0.570313 0.570313 0.570313 3
0.570313 0.570313 0.570313 3
0.5625 0.5625 0.5625 3
0.550781 0.550781 0.550781 3
0.527344 0.527344 0.527344 3
0.503906 0.503906 0.503906 3
0.480469 0.480469 0.480469 3
0.460938 0.460938 0.460938 3
0.4375 0.4375 0.4375 3
0.414063 0.414063 0.414063 3
0.398438 0.398438 0.398438 3
0.390625 0.390625 0.390625 3
0.402344 0.402344 0.402344 3
0.476563 0.476563 0.476563 3
0.488281 0.488281 0.488281 3
0.496094 0.496094 0.496094 3
0.5 0.5 0.5 3
0.5 0.5 0.5 3
0.507813 0.507813 0.507813 3
0.507813 0.507813 0.507813 3
0.511719 0.511719 0.511719 3
0.511719 0.511719 0.511719 3
0.515625 0.515625 0.515625 3
0.523438 0.523438 0.523438 3
0.535156 0.535156 0.535156 3
0.550781 0.550781 0.550781 3
0.558594 0.558594 0.558594 3
0.558594 0.558594 0.558594 3
0.554688 0.554688 0.554688 3
0.542969 0.542969 0.542969 3
0.527344 0.527344 0.527344 3
0.507813 0.507813 0.507813 3
0.484375 0.484375 0.484375 3
0.464844 0.464844 0.464844 3
0.445313 0.445313 0.445313 3
0.417969 0.417969 0.417969 3
0.394531 0.394531 0.394531 3
0.378906 0.378906 0.378906 3
0.382813 0.382813 0.382813 3
0.480469 0.480469 0.480469 3
0.488281 0.488281 0.488281 3
0.496094 0.496094 0.496094 3
0.496094 0.496094 0.496094 3
0.496094 0.496094 0.496094 3
0.496094 0.496094 0.496094 3
0.503906 0.503906 0.503906 3
0.507813 0.507813 0.507813 3
0.503906 0.503906 0.503906 3
0.503906 0.503906 0.503906 3
0.507813 0.507813 0.507813 3
0.519531 0.519531 0.519531 3
0.53125 0.53125 0.53125 3
0.542969 0.542969 0.542969 3
0.542969 0.542969 0.542969 3
0.542969 0.542969 0.542969 3
0.539063 0.539063 0.539063 3
0.527344 0.527344 0.527344 3
0.511719 0.511719 0.511719 3
0.492188 0.492188 0.492188 3
0.472656 0.472656 0.472656 3
0.449219 0.449219 0.449219 3
0.421875 0.421875 0.421875 3
0.394531 0.394531 0.394531 3
0.371094 0.371094 0.371094 3
0.367188 0.367188 0.367188 3
0.480469 0.480469 0.480469 3
0.488281 0.488281 0.488281 3
0.492188 0.492188 0.492188 3
0.496094 0.496094 0.496094 3
0.492188 0.492188 0.492188 3
0.492188 0.492188 0.492188 3
0.496094 0.496094 0.496094 3
0.496094 0.496094 0.496094 3
0.492188 0.492188 0.492188 3
0.492188 0.492188 0.492188 3
0.496094 0.496094 0.496094 3
0.503906 0.503906 0.503906 3
0.515625 0.515625 0.515625 3
0.523438 0.523438 0.523438 3
0.527344 0.527344 0.527344 3
0.53125 0.53125 0.53125 3
0.535156 0.535156 0.535156 3
0.53125 0.53125 0.53125 3
0.515625 0.515625 0.515625 3
0.496094 0.496094 0.496094 3
0.476563 0.476563 0.476563 3
0.453125 0.453125 0.453125 3
0.429688 0.429688 0.429688 3
0.394531 0.394531 0.394531 3
0.363281 0.363281 0.363281 3
0.351563 0.351563 0.351563 3
0.480469 0.480469 0.480469 3
0.484375 0.484375 0.484375 3
0.484375 0.484375 0.484375 3
0.484375 0.484375 0.484375 3
0.484375 0.484375 0.484375 3
0.484375 0.484375 0.484375 3
0.488281 0.488281 0.488281 3
0.488281 0.488281 0.488281 3
0.484375 0.484375 0.484375 3
0.484375 0.484375 0.484375 3
0.488281 0.488281 0.488281 3
0.496094 0.496094 0.496094 3
0.503906 0.503906 0.503906 3
0.511719 0.511719 0.511719 3
0.519531 0.519531 0.519531 3
0.523438 0.523438 0.523438 3
0.527344 0.527344 0.527344 3
0.527344 0.527344 0.527344 3
0.515625 0.515625 0.515625 3
0.5 0.5 0.5 3
0.480469 0.480469 0.480469 3
0.457031 0.457031 0.457031 3
0.429688 0.429688 0.429688 3
0.394531 0.394531 0.394531 3
0.351563 0.351563 0.351563 3
0.332031 0.332031 0.332031 3
0.480469 0.480469 0.480469 3
0.480469 0.480469 0.480469 3
0.476563 0.476563 0.476563 3
0.476563 0.476563 0.476563 3
0.476563 0.476563 0.476563 3
0.476563 0.476563 0.476563 3
0.476563 0.476563 0.476563 3
0.476563 0.476563 0.476563 3
0.480469 0.480469 0.480469 3
0.484375 0.484375 0.484375 3
0.492188 0.492188 0.492188 3
0.5 0.5 0.5 3
0.507813 0.507813 0.507813 3
0.511719 0.511719 0.511719 3
0.515625 0.515625 0.515625 3
0.519531 0.519531 0.519531 3
0.519531 0.519531 0.519531 3
0.515625 0.515625 0.515625 3
0.507813 0.507813 0.507813 3
0.496094 0.496094 0.496094 3
0.480469 0.480469 0.480469 3
0.457031 0.457031 0.457031 3
0.429688 0.429688 0.429688 3
0.386719 0.386719 0.386719 3
0.34375 0.34375 0.34375 3
0.3125 0.3125 0.3125 3
0.480469 0.480469 0.480469 3
0.472656 0.472656 0.472656 3
0.46875 0.46875 0.46875 3
0.464844 0.464844 0.464844 3
0.464844 0.464844 0.464844 3
0.464844 0.464844 0.464844 3
0.464844 0.464844 0.464844 3
0.46875 0.46875 0.46875 3
0.476563 0.476563 0.476563 3
0.484375 0.484375 0.484375 3
0.496094 0.496094 0.496094 3
0.503906 0.503906 0.503906 3
0.507813 0.507813 0.507813 3
0.511719 0.511719 0.511719 3
0.515625 0.515625 0.515625 3
0.511719 0.511719 0.511719 3
0.507813 0.507813 0.507813 3
0.507813 0.507813 0.507813 3
0.503906 0.503906 0.503906 3
0.496094 0.496094 0.496094 3
0.480469 0.480469 0.480469 3
0.457031 0.457031 0.457031 3
0.425781 0.425781 0.425781 3
0.382813 0.382813 0.382813 3
0.335938 0.335938 0.335938 3
0.300781 0.300781 0.300781 3
0.488281 0.488281 0.488281 3
0.476563 0.476563 0.476563 3
0.464844 0.464844 0.464844 3
0.460938 0.460938 0.460938 3
0.457031 0.457031 0.457031 3
0.453125 0.453125 0.453125 3
0.457031 0.457031 0.457031 3
0.460938 0.460938 0.460938 3
0.46875 0.46875 0.46875 3
0.480469 0.480469 0.480469 3
0.492188 0.492188 0.492188 3
0.5 0.5 0.5 3
0.503906 0.503906 0.503906 3
0.507813 0.507813 0.507813 3
0.507813 0.507813 0.507813 3
0.503906 0.503906 0.503906 3
0.503906 0.503906 0.503906 3
0.503906 0.503906 0.503906 3
0.5 0.5 0.5 3
0.496094 0.496094 0.496094 3
0.480469 0.480469 0.480469 3
0.457031 0.457031 0.457031 3
0.425781 0.425781 0.425781 3
0.390625 0.390625 0.390625 3
0.339844 0.339844 0.339844 3
0.300781 0.300781 0.300781 3
0.496094 0.496094 0.496094 3
0.480469 0.480469 0.480469 3
0.46875 0.46875 0.46875 3
0.460938 0.460938 0.460938 3
0.449219 0.449219 0.449219 3
0.445313 0.445313 0.445313 3
0.449219 0.449219 0.449219 3
0.453125 0.453125 0.453125 3
0.460938 0.460938 0.460938 3
0.472656 0.472656 0.472656 3
0.484375 0.484375 0.484375 3
0.492188 0.492188 0.492188 3
0.496094 0.496094 0.496094 3
0.496094 0.496094 0.496094 3
0.496094 0.496094 0.496094 3
0.496094 0.496094 0.496094 3
0.5 0.5 0.5 3
0.5 0.5 0.5 3
0.5 0.5 0.5 3
0.496094 0.496094 0.496094 3
0.480469 0.480469 0.480469 3
0.457031 0.457031 0.457031 3
0.433594 0.433594 0.433594 3
0.398438 0.398438 0.398438 3
0.351563 0.351563 0.351563 3
0.308594 0.308594 0.308594 3
0.503906 0.503906 0.503906 3
0.488281 0.488281 0.488281 3
0.476563 0.476563 0.476563 3
0.464844 0.464844 0.464844 3
0.449219 0.449219 0.449219 3
0.4375 0.4375 0.4375 3
0.433594 0.433594 0.433594 3
0.441406 0.441406 0.441406 3
0.449219 0.449219 0.449219 3
0.464844 0.464844 0.464844 3
0.480469 0.480469 0.480469 3
0.492188 0.492188 0.492188 3
0.492188 0.492188 0.492188 3
0.488281 0.488281 0.488281 3
0.488281 0.488281 0.488281 3
0.492188 0.492188 0.492188 3
0.496094 0.496094 0.496094 3
0.5 0.5 0.5 3
0.496094 0.496094 0.496094 3
0.492188 0.492188 0.492188 3
0.480469 0.480469 0.480469 3
0.464844 0.464844 0.464844 3
0.441406 0.441406 0.441406 3
0.410156 0.410156 0.410156 3
0.367188 0.367188 0.367188 3
0.320313 0.320313 0.320313 3
0.507813 0.507813 0.507813 3
0.496094 0.496094 0.496094 3
0.480469 0.480469 0.480469 3
0.464844 0.464844 0.464844 3
0.449219 0.449219 0.449219 3
0.433594 0.433594 0.433594 3
0.417969 0.417969 0.417969 3
0.417969 0.417969 0.417969 3
0.433594 0.433594 0.433594 3
0.453125 0.453125 0.453125 3
0.472656 0.472656 0.472656 3
0.484375 0.484375 0.484375 3
0.484375 0.484375 0.484375 3
0.480469 0.480469 0.480469 3
0.480469 0.480469 0.480469 3
0.484375 0.484375 0.484375 3
0.492188 0.492188 0.492188 3
0.492188 0.492188 0.492188 3
0.488281 0.488281 0.488281 3
0.480469 0.480469 0.480469 3
0.472656 0.472656 0.472656 3
0.464844 0.464844 0.464844 3
0.449219 0.449219 0.449219 3
0.421875 0.421875 0.421875 3
0.382813 0.382813 0.382813 3
0.335938 0.335938 0.335938 3
0.515625 0.515625 0.515625 3
0.496094 0.496094 0.496094 3
0.480469 0.480469 0.480469 3
0.464844 0.464844 0.464844 3
0.449219 0.449219 0.449219 3
0.421875 0.421875 0.421875 3
0.398438 0.398438 0.398438 3
0.390625 0.390625 0.390625 3
0.402344 0.402344 0.402344 3
0.421875 0.421875 0.421875 3
0.445313 0.445313 0.445313 3
0.464844 0.464844 0.464844 3
0.46875 0.46875 0.46875 3
0.472656 0.472656 0.472656 3
0.472656 0.472656 0.472656 3
0.472656 0.472656 0.472656 3
0.480469 0.480469 0.480469 3
0.480469 0.480469 0.480469 3
0.472656 0.472656 0.472656 3
0.464844 0.464844 0.464844 3
0.460938 0.460938 0.460938 3
0.453125 0.453125 0.453125 3
0.445313 0.445313 0.445313 3
0.425781 0.425781 0.425781 3
0.390625 0.390625 0.390625 3
0.34375 0.34375 0.34375 3
0.523438 0.523438 0.523438 3
0.496094 0.496094 0.496094 3
0.480469 0.480469 0.480469 3
0.464844 0.464844 0.464844 3
0.449219 0.449219 0.449219 3
0.417969 0.417969 0.417969 3
0.386719 0.386719 0.386719 3
0.367188 0.367188 0.367188 3
0.371094 0.371094 0.371094 3
0.390625 0.390625 0.390625 3
0.410156 0.410156 0.410156 3
0.429688 0.429688 0.429688 3
0.445313 0.445313 0.445313 3
0.453125 0.453125 0.453125 3
0.457031 0.457031 0.457031 3
0.460938 0.460938 0.460938 3
0.464844 0.464844 0.464844 3
0.464844 0.464844 0.464844 3
0.457031 0.457031 0.457031 3
0.449219 0.449219 0.449219 3
0.445313 0.445313 0.445313 3
0.4375 0.4375 0.4375 3
0.433594 0.433594 0.433594 3
0.417969 0.417969 0.417969 3
0.390625 0.390625 0.390625 3
0.347656 0.347656 0.347656 3
0.542969 0.542969 0.542969 3
0.507813 0.507813 0.507813 3
0.488281 0.488281 0.488281 3
0.472656 0.472656 0.472656 3
0.453125 0.453125 0.453125 3
0.421875 0.421875 0.421875 3
0.390625 0.390625 0.390625 3
0.363281 0.363281 0.363281 3
0.359375 0.359375 0.359375 3
0.363281 0.363281 0.363281 3
0.375 0.375 0.375 3
0.390625 0.390625 0.390625 3
0.414063 0.414063 0.414063 3
0.429688 0.429688 0.429688 3
0.4375 0.4375 0.4375 3
0.445313 0.445313 0.445313 3
0.449219 0.449219 0.449219 3
0.449219 0.449219 0.449219 3
0.445313 0.445313 0.445313 3
0.441406 0.441406 0.441406 3
0.433594 0.433594 0.433594 3
0.421875 0.421875 0.421875 3
0.417969 0.417969 0.417969 3
0.402344 0.402344 0.402344 3
0.378906 0.378906 0.378906 3
0.34375 0.34375 0.34375 3
0.5625 0.5625 0.5625 3
0.527344 0.527344 0.527344 3
0.503906 0.503906 0.503906 3
0.484375 0.484375 0.484375 3
0.464844 0.464844 0.464844 3
0.4375 0.4375 0.4375 3
0.40625 0.40625 0.40625 3
0.378906 0.378906 0.378906 3
0.359375 0.359375 0.359375 3
0.351563 0.351563 0.351563 3
0.347656 0.347656 0.347656 3
0.359375 0.359375 0.359375 3
0.378906 0.378906 0.378906 3
0.398438 0.398438 0.398438 3
0.414063 0.414063 0.414063 3
0.421875 0.421875 0.421875 3
0.433594 0.433594 0.433594 3
0.4375 0.4375 0.4375 3
0.4375 0.4375 0.4375 3
0.433594 0.433594 0.433594 3
0.425781 0.425781 0.425781 3
0.414063 0.414063 0.414063 3
0.402344 0.402344 0.402344 3
0.390625 0.390625 0.390625 3
0.367188 0.367188 0.367188 3
0.335938 0.335938 0.335938 3
