Image TV0v7 - (200 100 - 220 115) : 0 - (255 250 - 275 265) : 1 - (40 30 - 55 50) : 2
3
3
0.046875 0.078125 0.0351563 0
0.046875 0.078125 0.0351563 0
0.046875 0.078125 0.0351563 0
0.046875 0.078125 0.0351563 0
0.046875 0.078125 0.0351563 0
0.046875 0.078125 0.0351563 0
0.046875 0.078125 0.0351563 0
0.046875 0.078125 0.0351563 0
0.046875 0.078125 0.0351563 0
0.046875 0.078125 0.0351563 0
0.046875 0.078125 0.0351563 0
0.046875 0.078125 0.0351563 0
0.046875 0.078125 0.0351563 0
0.046875 0.078125 0.0351563 0
0.046875 0.078125 0.0351563 0
0.046875 0.078125 0.0351563 0
0.046875 0.078125 0.0351563 0
0.046875 0.078125 0.0351563 0
0.046875 0.078125 0.0351563 0
0.046875 0.078125 0.0351563 0
0.046875 0.078125 0.0351563 0
0.046875 0.078125 0.0351563 0
0.046875 0.078125 0.0351563 0
0.046875 0.078125 0.0351563 0
0.046875 0.078125 0.0351563 0
0.046875 0.078125 0.0351563 0
0.046875 0.078125 0.0351563 0
0.046875 0.078125 0.0351563 0
0.046875 0.078125 0.0351563 0
0.046875 0.078125 0.0351563 0
0.046875 0.078125 0.0351563 0
0.046875 0.078125 0.0351563 0
0.046875 0.078125 0.0351563 0
0.046875 0.078125 0.0351563 0
0.046875 0.078125 0.0351563 0
0.046875 0.078125 0.0351563 0
0.046875 0.078125 0.0351563 0
0.046875 0.078125 0.0351563 0
0.046875 0.078125 0.0351563 0
0.046875 0.078125 0.0351563 0
0.046875 0.078125 0.0351563 0
0.046875 0.078125 0.0351563 0
0.046875 0.078125 0.0351563 0
0.046875 0.078125 0.0351563 0
0.046875 0.078125 0.0351563 0
0.046875 0.078125 0.0351563 0
0.046875 0.078125 0.0351563 0
0.046875 0.078125 0.0351563 0
0.046875 0.078125 0.0351563 0
0.046875 0.078125 0.0351563 0
0.046875 0.078125 0.0351563 0
0.046875 0.078125 0.0351563 0
0.046875 0.078125 0.0351563 0
0.046875 0.078125 0.0351563 0
0.046875 0.078125 0.0351563 0
0.046875 0.078125 0.0351563 0
0.046875 0.078125 0.0351563 0
0.046875 0.078125 0.0351563 0
0.046875 0.078125 0.0351563 0
0.046875 0.078125 0.0351563 0
0.046875 0.078125 0.0351563 0
0.046875 0.078125 0.0351563 0
0.046875 0.078125 0.0351563 0
0.046875 0.078125 0.0351563 0
0.046875 0.078125 0.0351563 0
0.046875 0.078125 0.0351563 0
0.046875 0.078125 0.0351563 0
0.046875 0.078125 0.0351563 0
0.046875 0.078125 0.0351563 0
0.046875 0.078125 0.0351563 0
0.046875 0.078125 0.0351563 0
0.046875 0.078125 0.0351563 0
0.046875 0.078125 0.0351563 0
0.046875 0.078125 0.0351563 0
0.046875 0.078125 0.0351563 0
0.046875 0.078125 0.0351563 0
0.046875 0.078125 0.0351563 0
0.046875 0.078125 0.0351563 0
0.046875 0.078125 0.0351563 0
0.046875 0.078125 0.0351563 0
0.046875 0.078125 0.0351563 0
0.046875 0.078125 0.0351563 0
0.046875 0.078125 0.0351563 0
0.046875 0.078125 0.0351563 0
0.046875 0.078125 0.0351563 0
0.046875 0.078125 0.0351563 0
0.046875 0.078125 0.0351563 0
0.046875 0.078125 0.0351563 0
0.046875 0.078125 0.0351563 0
0.046875 0.078125 0.0351563 0
0.046875 0.078125 0.0351563 0
0.046875 0.078125 0.0351563 0
0.046875 0.078125 0.0351563 0
0.046875 0.078125 0.0351563 0
0.046875 0.078125 0.0351563 0
0.046875 0.078125 0.0351563 0
0.046875 0.078125 0.0351563 0
0.046875 0.078125 0.0351563 0
0.046875 0.078125 0.0351563 0
0.046875 0.078125 0.0351563 0
0.046875 0.078125 0.0351563 0
0.046875 0.078125 0.0351563 0
0.046875 0.078125 0.0351563 0
0.046875 0.078125 0.0351563 0
0.046875 0.078125 0.0351563 0
0.046875 0.078125 0.0351563 0
0.046875 0.078125 0.0351563 0
0.046875 0.078125 0.0351563 0
0.046875 0.078125 0.0351563 0
0.046875 0.078125 0.0351563 0
0.046875 0.078125 0.0351563 0
0.046875 0.078125 0.0351563 0
0.046875 0.078125 0.0351563 0
0.046875 0.078125 0.0351563 0
0.046875 0.078125 0.0351563 0
0.046875 0.078125 0.0351563 0
0.046875 0.078125 0.0351563 0
0.046875 0.078125 0.0351563 0
0.046875 0.078125 0.0351563 0
0.046875 0.078125 0.0351563 0
0.046875 0.078125 0.0351563 0
0.046875 0.078125 0.0351563 0
0.046875 0.078125 0.0351563 0
0.046875 0.078125 0.0351563 0
0.046875 0.078125 0.0351563 0
0.046875 0.078125 0.0351563 0
0.046875 0.078125 0.0351563 0
0.046875 0.078125 0.0351563 0
0.046875 0.078125 0.0351563 0
0.046875 0.078125 0.0351563 0
0.046875 0.078125 0.0351563 0
0.046875 0.078125 0.0351563 0
0.046875 0.078125 0.0351563 0
0.046875 0.078125 0.0351563 0
0.046875 0.078125 0.0351563 0
0.046875 0.078125 0.0351563 0
0.046875 0.078125 0.0351563 0
0.046875 0.078125 0.0351563 0
0.046875 0.078125 0.0351563 0
0.046875 0.078125 0.0351563 0
0.046875 0.078125 0.0351563 0
0.046875 0.078125 0.0351563 0
0.046875 0.078125 0.0351563 0
0.046875 0.078125 0.0351563 0
0.046875 0.078125 0.0351563 0
0.046875 0.078125 0.0351563 0
0.046875 0.078125 0.0351563 0
0.046875 0.078125 0.0351563 0
0.046875 0.078125 0.0351563 0
0.046875 0.078125 0.0351563 0
0.046875 0.078125 0.0351563 0
0.046875 0.078125 0.0351563 0
0.046875 0.078125 0.0351563 0
0.046875 0.078125 0.0351563 0
0.046875 0.078125 0.0351563 0
0.046875 0.078125 0.0351563 0
0.046875 0.078125 0.0351563 0
0.046875 0.078125 0.0351563 0
0.046875 0.078125 0.0351563 0
0.046875 0.078125 0.0351563 0
0.046875 0.078125 0.0351563 0
0.046875 0.078125 0.0351563 0
0.046875 0.078125 0.0351563 0
0.046875 0.078125 0.0351563 0
0.046875 0.078125 0.0351563 0
0.046875 0.078125 0.0351563 0
0.046875 0.078125 0.0351563 0
0.046875 0.078125 0.0351563 0
0.046875 0.078125 0.0351563 0
0.046875 0.078125 0.0351563 0
0.046875 0.078125 0.0351563 0
0.046875 0.078125 0.0351563 0
0.046875 0.078125 0.0351563 0
0.046875 0.078125 0.0351563 0
0.046875 0.078125 0.0351563 0
0.046875 0.078125 0.0351563 0
0.046875 0.078125 0.0351563 0
0.046875 0.078125 0.0351563 0
0.046875 0.078125 0.0351563 0
0.046875 0.078125 0.0351563 0
0.046875 0.078125 0.0351563 0
0.046875 0.078125 0.0351563 0
0.046875 0.078125 0.0351563 0
0.046875 0.078125 0.0351563 0
0.046875 0.078125 0.0351563 0
0.046875 0.078125 0.0351563 0
0.046875 0.078125 0.0351563 0
0.046875 0.078125 0.0351563 0
0.046875 0.078125 0.0351563 0
0.046875 0.078125 0.0351563 0
0.046875 0.078125 0.0351563 0
0.046875 0.078125 0.0351563 0
0.046875 0.078125 0.0351563 0
0.046875 0.078125 0.0351563 0
0.046875 0.078125 0.0351563 0
0.046875 0.078125 0.0351563 0
0.046875 0.078125 0.0351563 0
0.046875 0.078125 0.0351563 0
0.046875 0.078125 0.0351563 0
0.046875 0.078125 0.0351563 0
0.046875 0.078125 0.0351563 0
0.046875 0.078125 0.0351563 0
0.046875 0.078125 0.0351563 0
0.046875 0.078125 0.0351563 0
0.046875 0.078125 0.0351563 0
0.046875 0.078125 0.0351563 0
0.046875 0.078125 0.0351563 0
0.046875 0.078125 0.0351563 0
0.046875 0.078125 0.0351563 0
0.046875 0.078125 0.0351563 0
0.046875 0.078125 0.0351563 0
0.046875 0.078125 0.0351563 0
0.046875 0.078125 0.0351563 0
0.046875 0.078125 0.0351563 0
0.046875 0.078125 0.0351563 0
0.046875 0.078125 0.0351563 0
0.046875 0.078125 0.0351563 0
0.046875 0.078125 0.0351563 0
0.046875 0.078125 0.0351563 0
0.046875 0.078125 0.0351563 0
0.046875 0.078125 0.0351563 0
0.046875 0.078125 0.0351563 0
0.046875 0.078125 0.0351563 0
0.046875 0.078125 0.0351563 0
0.046875 0.078125 0.0351563 0
0.046875 0.078125 0.0351563 0
0.046875 0.078125 0.0351563 0
0.046875 0.078125 0.0351563 0
0.046875 0.078125 0.0351563 0
0.046875 0.078125 0.0351563 0
0.046875 0.078125 0.0351563 0
0.046875 0.078125 0.0351563 0
0.046875 0.078125 0.0351563 0
0.046875 0.078125 0.0351563 0
0.046875 0.078125 0.0351563 0
0.046875 0.078125 0.0351563 0
0.046875 0.078125 0.0351563 0
0.046875 0.078125 0.0351563 0
0.046875 0.078125 0.0351563 0
0.046875 0.078125 0.0351563 0
0.046875 0.078125 0.0351563 0
0.046875 0.078125 0.0351563 0
0.046875 0.078125 0.0351563 0
0.046875 0.078125 0.0351563 0
0.046875 0.078125 0.0351563 0
0.046875 0.078125 0.0351563 0
0.046875 0.078125 0.0351563 0
0.046875 0.078125 0.0351563 0
0.046875 0.078125 0.0351563 0
0.046875 0.078125 0.0351563 0
0.046875 0.078125 0.0351563 0
0.046875 0.078125 0.0351563 0
0.046875 0.078125 0.0351563 0
0.046875 0.078125 0.0351563 0
0.046875 0.078125 0.0351563 0
0.046875 0.078125 0.0351563 0
0.046875 0.078125 0.0351563 0
0.046875 0.078125 0.0351563 0
0.046875 0.078125 0.0351563 0
0.046875 0.078125 0.0351563 0
0.046875 0.078125 0.0351563 0
0.046875 0.078125 0.0351563 0
0.046875 0.078125 0.0351563 0
0.046875 0.078125 0.0351563 0
0.046875 0.078125 0.0351563 0
0.046875 0.078125 0.0351563 0
0.046875 0.078125 0.0351563 0
0.046875 0.078125 0.0351563 0
0.046875 0.078125 0.0351563 0
0.046875 0.078125 0.0351563 0
0.046875 0.078125 0.0351563 0
0.046875 0.078125 0.0351563 0
0.046875 0.078125 0.0351563 0
0.046875 0.078125 0.0351563 0
0.046875 0.078125 0.0351563 0
0.046875 0.078125 0.0351563 0
0.046875 0.078125 0.0351563 0
0.046875 0.078125 0.0351563 0
0.046875 0.078125 0.0351563 0
0.046875 0.078125 0.0351563 0
0.046875 0.078125 0.0351563 0
0.046875 0.078125 0.0351563 0
0.046875 0.078125 0.0351563 0
0.046875 0.078125 0.0351563 0
0.046875 0.078125 0.0351563 0
0.046875 0.078125 0.0351563 0
0.046875 0.078125 0.0351563 0
0.046875 0.078125 0.0351563 0
0.046875 0.078125 0.0351563 0
0.046875 0.078125 0.0351563 0
0.046875 0.078125 0.0351563 0
0.046875 0.078125 0.0351563 0
0.046875 0.078125 0.0351563 0
0.046875 0.078125 0.0351563 0
0.046875 0.078125 0.0351563 0
0.046875 0.078125 0.0351563 0
0.046875 0.078125 0.0351563 0
0.046875 0.078125 0.0351563 0
0.046875 0.078125 0.0351563 0
0.046875 0.078125 0.0351563 0
0.046875 0.078125 0.0351563 0
0.046875 0.078125 0.0351563 0
0.046875 0.078125 0.0351563 0
0.046875 0.078125 0.0351563 0
0.046875 0.078125 0.0351563 0
0.046875 0.078125 0.0351563 0
0.046875 0.078125 0.0351563 0
0.046875 0.078125 0.0351563 0
0.046875 0.078125 0.0351563 0
0.046875 0.078125 0.0351563 0
0.046875 0.078125 0.0351563 0
0.046875 0.078125 0.0351563 0
0.046875 0.078125 0.0351563 0
0.046875 0.078125 0.0351563 0
0.046875 0.078125 0.0351563 0
0.046875 0.078125 0.0351563 0
0.046875 0.078125 0.0351563 0
0.046875 0.078125 0.0351563 0
0.046875 0.078125 0.0351563 0
0.046875 0.078125 0.0351563 0
0.046875 0.078125 0.0351563 0
0.046875 0.078125 0.0351563 0
0.046875 0.078125 0.0351563 0
0.046875 0.078125 0.0351563 0
0.046875 0.078125 0.0351563 0
0.046875 0.078125 0.0351563 0
0.046875 0.078125 0.0351563 0
0.046875 0.078125 0.0351563 0
0.046875 0.078125 0.0351563 0
0.046875 0.078125 0.0351563 0
0.046875 0.078125 0.0351563 0
0.046875 0.078125 0.0351563 0
0.046875 0.078125 0.0351563 0
0.046875 0.078125 0.0351563 0
0.046875 0.078125 0.0351563 0
0.046875 0.078125 0.0351563 0
0.0625 0.0664063 0.046875 1
0.15625 0.167969 0.140625 1
0.171875 0.183594 0.148438 1
0.15625 0.167969 0.132813 1
0 0.0078125 0 1
0.132813 0.136719 0.105469 1
0.15625 0.15625 0.125 1
0.183594 0.164063 0.152344 1
0.625 0.605469 0.582031 1
0.539063 0.527344 0.46875 1
0.554688 0.535156 0.460938 1
0.464844 0.4375 0.367188 1
0.566406 0.53125 0.472656 1
0.679688 0.640625 0.605469 1
0.578125 0.535156 0.519531 1
0.453125 0.46875 0.378906 1
0.5 0.496094 0.476563 1
0.433594 0.4375 0.40625 1
0.414063 0.421875 0.378906 1
0.597656 0.605469 0.554688 1
0.382813 0.390625 0.339844 1
0.402344 0.402344 0.355469 1
0.378906 0.371094 0.324219 1
0.613281 0.613281 0.582031 1
0.597656 0.597656 0.566406 1
0.585938 0.585938 0.554688 1
0.554688 0.542969 0.507813 1
0.519531 0.503906 0.46875 1
0.507813 0.480469 0.441406 1
0.488281 0.460938 0.421875 1
0.320313 0.285156 0.25 1
0.289063 0.269531 0.191406 1
0.589844 0.570313 0.585938 1
0.492188 0.480469 0.453125 1
0.550781 0.554688 0.484375 1
0.621094 0.621094 0.589844 1
0.5625 0.554688 0.496094 1
0.6875 0.675781 0.65625 1
0.519531 0.507813 0.488281 1
0.5625 0.554688 0.503906 1
0.589844 0.554688 0.535156 1
0.636719 0.644531 0.632813 1
0.613281 0.566406 0.519531 1
0.59375 0.539063 0.496094 1
0.519531 0.523438 0.5 1
0.632813 0.601563 0.589844 1
0.425781 0.40625 0.382813 1
0.492188 0.496094 0.433594 1
0.660156 0.660156 0.566406 1
0.605469 0.597656 0.546875 1
0.664063 0.664063 0.625 1
0.664063 0.648438 0.714844 1
0.632813 0.613281 0.628906 1
0.589844 0.585938 0.507813 1
0.550781 0.546875 0.476563 1
0.484375 0.484375 0.4375 1
0.566406 0.554688 0.621094 1
0.632813 0.589844 0.566406 1
0.554688 0.570313 0.515625 1
0.507813 0.492188 0.457031 1
0.394531 0.398438 0.34375 1
0.347656 0.320313 0.257813 1
0.496094 0.515625 0.4375 1
0.539063 0.539063 0.507813 1
0.710938 0.699219 0.679688 1
0.507813 0.507813 0.414063 1
0.609375 0.597656 0.5625 1
0.605469 0.601563 0.53125 1
0.699219 0.675781 0.730469 1
0.628906 0.625 0.554688 1
0.601563 0.578125 0.578125 1
0.511719 0.46875 0.398438 1
0.34375 0.460938 0.257813 1
0.566406 0.519531 0.519531 1
0.5625 0.574219 0.53125 1
0.742188 0.726563 0.679688 1
0.605469 0.640625 0.628906 1
0.578125 0.5625 0.621094 1
0.5625 0.546875 0.535156 1
0.644531 0.597656 0.550781 1
0.753906 0.734375 0.75 1
0.652344 0.648438 0.578125 1
0.617188 0.613281 0.53125 1
0.613281 0.605469 0.558594 1
0.816406 0.804688 0.785156 1
0.640625 0.625 0.621094 1
0.582031 0.5625 0.539063 1
0.621094 0.554688 0.476563 1
0.371094 0.5 0.386719 1
0.5625 0.558594 0.476563 1
0.53125 0.515625 0.519531 1
0.417969 0.417969 0.378906 1
0.851563 0.898438 0.898438 1
0.992188 0.992188 0.996094 1
0.589844 0.566406 0.566406 1
0.6875 0.667969 0.683594 1
0.632813 0.613281 0.597656 1
0.578125 0.578125 0.476563 1
0.539063 0.539063 0.4375 1
0.621094 0.601563 0.625 1
0.617188 0.609375 0.558594 1
0.589844 0.570313 0.546875 1
0.554688 0.539063 0.492188 1
0.574219 0.546875 0.523438 1
0.539063 0.585938 0.539063 1
0.625 0.605469 0.582031 1
0.554688 0.539063 0.496094 1
0.570313 0.601563 0.613281 1
0.65625 0.65625 0.609375 1
0.714844 0.671875 0.65625 1
0.335938 0.347656 0.28125 1
0.613281 0.566406 0.511719 1
0.652344 0.632813 0.609375 1
0.773438 0.765625 0.71875 1
0.519531 0.515625 0.4375 1
0.582031 0.570313 0.535156 1
0.550781 0.539063 0.519531 1
0.699219 0.6875 0.613281 1
0.570313 0.550781 0.527344 1
0.496094 0.5 0.4375 1
0.523438 0.546875 0.507813 1
0.605469 0.59375 0.519531 1
0.617188 0.59375 0.539063 1
0.566406 0.582031 0.578125 1
0.707031 0.660156 0.699219 1
0.332031 0.304688 0.203125 1
0.488281 0.480469 0.484375 1
0.535156 0.523438 0.558594 1
0.652344 0.636719 0.59375 1
0.890625 0.863281 0.925781 1
0.617188 0.609375 0.558594 1
0.628906 0.613281 0.601563 1
0.65625 0.648438 0.601563 1
0.632813 0.617188 0.570313 1
0.636719 0.621094 0.578125 1
0.558594 0.566406 0.554688 1
0.433594 0.496094 0.382813 1
0.601563 0.558594 0.480469 1
0.503906 0.511719 0.46875 1
0.4375 0.421875 0.386719 1
0.445313 0.402344 0.324219 1
0.429688 0.414063 0.402344 1
0.503906 0.496094 0.40625 1
0.425781 0.390625 0.363281 1
0.621094 0.597656 0.597656 1
0.453125 0.453125 0.351563 1
0.558594 0.546875 0.519531 1
0.636719 0.628906 0.570313 1
0.617188 0.609375 0.5625 1
0.628906 0.613281 0.578125 1
0.671875 0.640625 0.683594 1
0.492188 0.542969 0.503906 1
0.535156 0.597656 0.484375 1
0.699219 0.585938 0.515625 1
0.359375 0.457031 0.34375 1
0.433594 0.4375 0.367188 1
0.515625 0.417969 0.390625 1
0.386719 0.378906 0.28125 1
0.410156 0.429688 0.34375 1
0.472656 0.453125 0.367188 1
0.683594 0.632813 0.558594 1
0.449219 0.425781 0.378906 1
0.550781 0.582031 0.5 1
0.609375 0.609375 0.578125 1
0.648438 0.625 0.570313 1
0.605469 0.585938 0.574219 1
0.488281 0.476563 0.410156 1
0.539063 0.589844 0.523438 1
0.640625 0.636719 0.65625 1
0.574219 0.605469 0.511719 1
0.445313 0.425781 0.441406 1
0.46875 0.457031 0.421875 1
0.414063 0.433594 0.417969 1
0.5 0.480469 0.394531 1
0.503906 0.496094 0.449219 1
0.511719 0.492188 0.476563 1
0.6875 0.667969 0.652344 1
0.597656 0.570313 0.546875 1
0.585938 0.582031 0.5 1
0.628906 0.589844 0.542969 1
0.714844 0.65625 0.628906 1
0.691406 0.652344 0.695313 1
0.53125 0.523438 0.472656 1
0.492188 0.519531 0.457031 1
0.503906 0.515625 0.472656 1
0.570313 0.566406 0.484375 1
0.304688 0.308594 0.1875 1
0.566406 0.566406 0.457031 1
0.597656 0.578125 0.566406 1
0.589844 0.574219 0.539063 1
0.503906 0.464844 0.460938 1
0.578125 0.558594 0.546875 1
0.6875 0.617188 0.601563 1
0.578125 0.542969 0.507813 1
0.675781 0.6875 0.605469 1
0.503906 0.5 0.421875 1
0.632813 0.625 0.566406 1
0.710938 0.71875 0.714844 1
0.5 0.523438 0.375 1
0.570313 0.574219 0.542969 1
0.503906 0.542969 0.410156 1
0.644531 0.617188 0.554688 1
0.621094 0.613281 0.554688 1
0.589844 0.578125 0.542969 1
0.644531 0.605469 0.566406 1
0.605469 0.597656 0.546875 1
0.683594 0.628906 0.617188 1
0.570313 0.558594 0.492188 1
0.554688 0.511719 0.496094 1
0.371094 0.359375 0.332031 1
0.667969 0.6875 0.660156 1
0.410156 0.398438 0.371094 1
0.601563 0.585938 0.550781 1
0.675781 0.65625 0.679688 1
0.585938 0.558594 0.457031 1
0.695313 0.703125 0.699219 1
0.667969 0.671875 0.679688 1
0.675781 0.652344 0.605469 1
0.6875 0.675781 0.65625 1
0.636719 0.625 0.589844 1
0.566406 0.539063 0.46875 1
0.65625 0.625 0.675781 1
0.515625 0.480469 0.414063 1
0.585938 0.574219 0.5 1
0.566406 0.550781 0.515625 1
0.601563 0.59375 0.535156 1
0.566406 0.546875 0.523438 1
0.558594 0.511719 0.464844 1
0.632813 0.617188 0.574219 1
0.667969 0.671875 0.6875 1
0.601563 0.589844 0.570313 1
0.582031 0.605469 0.597656 1
0.664063 0.667969 0.605469 1
0.691406 0.683594 0.726563 1
0.667969 0.640625 0.667969 1
0.726563 0.714844 0.679688 1
0.722656 0.714844 0.757813 1
0.738281 0.714844 0.660156 1
0.695313 0.683594 0.609375 1
0.746094 0.730469 0.71875 1
0.640625 0.613281 0.542969 1
0.601563 0.59375 0.535156 1
0.589844 0.578125 0.558594 1
0.664063 0.644531 0.570313 1
0.628906 0.644531 0.589844 1
0.515625 0.5625 0.515625 1
0.546875 0.550781 0.53125 1
0.472656 0.492188 0.503906 1
0.625 0.613281 0.585938 1
0.542969 0.578125 0.464844 1
0.605469 0.589844 0.554688 1
0.707031 0.699219 0.640625 1
0.671875 0.699219 0.636719 1
0.699219 0.664063 0.675781 1
0.71875 0.710938 0.730469 1
0.722656 0.707031 0.710938 1
0.667969 0.671875 0.648438 1
0.6875 0.714844 0.738281 1
0.738281 0.757813 0.773438 1
0.378906 0.371094 0.3125 1
0.605469 0.601563 0.632813 1
0.585938 0.589844 0.558594 1
0.566406 0.492188 0.5 1
0.746094 0.757813 0.722656 1
0.664063 0.65625 0.660156 1
0.519531 0.507813 0.488281 1
0.285156 0.28125 0.210938 1
0.554688 0.550781 0.535156 1
0.585938 0.589844 0.570313 1
0.351563 0.34375 0.363281 1
0.523438 0.523438 0.492188 1
0.550781 0.546875 0.527344 1
0.582031 0.582031 0.582031 1
0.773438 0.773438 0.820313 1
0.789063 0.78125 0.734375 1
0.136719 0.121094 0 1
0.671875 0.675781 0.691406 1
0.46875 0.519531 0.453125 1
0.574219 0.570313 0.554688 1
0.734375 0.710938 0.757813 1
0.859375 0.859375 0.867188 1
0.625 0.570313 0.636719 1
0.136719 0.128906 0.0820313 1
0.8125 0.792969 0.871094 1
0.636719 0.617188 0.59375 1
0.4375 0.449219 0.421875 1
0.585938 0.566406 0.554688 1
0.820313 0.8125 0.824219 1
0.644531 0.710938 0.640625 1
0.613281 0.613281 0.582031 1
0.5 0.492188 0.441406 1
0.347656 0.328125 0.351563 1
0.628906 0.582031 0.582031 1
0.566406 0.597656 0.546875 1
0.699219 0.695313 0.726563 1
0.71875 0.734375 0.675781 1
0.679688 0.660156 0.746094 1
0.449219 0.484375 0.410156 1
0.351563 0.332031 0.257813 1
0.730469 0.777344 0.777344 1
0.625 0.601563 0.609375 1
0.300781 0.289063 0.316406 1
0.550781 0.558594 0.546875 1
0.804688 0.808594 0.816406 1
0.695313 0.699219 0.777344 1
0.621094 0.632813 0.652344 1
0.5625 0.523438 0.488281 1
0.359375 0.351563 0.292969 1
0.59375 0.625 0.582031 1
0.617188 0.597656 0.523438 1
0.71875 0.695313 0.695313 1
0.746094 0.757813 0.722656 1
0.410156 0.371094 0.324219 1
0.0898438 0.328125 0.105469 1
0.5 0.507813 0.464844 1
0.753906 0.757813 0.777344 1
0.582031 0.621094 0.578125 1
0.410156 0.347656 0.359375 1
0.371094 0.355469 0.3125 1
0.386719 0.378906 0.421875 1
0.695313 0.757813 0.71875 1
0.65625 0.636719 0.613281 1
0.554688 0.542969 0.46875 1
0.546875 0.558594 0.523438 1
0.734375 0.699219 0.78125 1
0.507813 0.519531 0.4375 1
0.683594 0.65625 0.625 1
0.65625 0.644531 0.671875 1
0.5625 0.597656 0.578125 1
0.617188 0.566406 0.636719 1
0.675781 0.707031 0.714844 1
0.640625 0.675781 0.664063 1
0.796875 0.777344 0.800781 1
0.824219 0.808594 0.761719 1
0.230469 0.257813 0.226563 1
0.722656 0.722656 0.722656 1
0.230469 0.359375 0.253906 2
0.191406 0.441406 0.304688 2
0.179688 0.390625 0.195313 2
0.167969 0.347656 0.234375 2
0.179688 0.363281 0.191406 2
0.289063 0.460938 0.253906 2
0.1875 0.386719 0.21875 2
0.0898438 0.183594 0.132813 2
0 0.125 0.0429688 2
0.179688 0.375 0.226563 2
0.226563 0.457031 0.277344 2
0.1875 0.308594 0.175781 2
0 0.00390625 0 2
0.0859375 0.171875 0.0898438 2
0.589844 0.59375 0.460938 2
0.539063 0.46875 0.390625 2
0 0.1875 0.0234375 2
0.277344 0.46875 0.285156 2
0.296875 0.398438 0.285156 2
0.5 0.578125 0.386719 2
0.417969 0.496094 0.359375 2
0.253906 0.441406 0.285156 2
0.164063 0.367188 0.175781 2
0.261719 0.417969 0.273438 2
0.226563 0.410156 0.277344 2
0.214844 0.417969 0.230469 2
0.230469 0.335938 0.199219 2
0.160156 0.378906 0.234375 2
0.175781 0.484375 0.261719 2
0.324219 0.496094 0.304688 2
0.203125 0.335938 0.238281 2
0.230469 0.382813 0.269531 2
0.230469 0.464844 0.230469 2
0.214844 0.359375 0.191406 2
0.191406 0.363281 0.226563 2
0.429688 0.539063 0.390625 2
0.335938 0.433594 0.277344 2
0.109375 0.351563 0.191406 2
0.117188 0.359375 0.207031 2
0.09375 0.367188 0.121094 2
0.355469 0.476563 0.34375 2
0.414063 0.515625 0.339844 2
0.0976563 0.277344 0.136719 2
0.210938 0.402344 0.226563 2
0.28125 0.4375 0.304688 2
0.171875 0.398438 0.238281 2
0.1875 0.367188 0.1875 2
0.1875 0.339844 0.21875 2
0.175781 0.351563 0.191406 2
0.242188 0.230469 0.195313 2
0.527344 0.570313 0.507813 2
0.214844 0.351563 0.195313 2
0.046875 0.300781 0.136719 2
0.144531 0.363281 0.226563 2
0.191406 0.378906 0.230469 2
0.253906 0.425781 0.285156 2
0.535156 0.589844 0.488281 2
0.296875 0.402344 0.265625 2
0.0898438 0.371094 0.175781 2
0.171875 0.386719 0.234375 2
0.210938 0.324219 0.203125 2
0.394531 0.519531 0.375 2
0.5 0.585938 0.4375 2
0.265625 0.40625 0.296875 2
0.1875 0.351563 0.203125 2
0.175781 0.351563 0.230469 2
0.21875 0.480469 0.273438 2
0.179688 0.371094 0.289063 2
0.167969 0.382813 0.21875 2
0.121094 0.351563 0.171875 2
0.0976563 0.277344 0.167969 2
0.257813 0.222656 0.226563 2
0.183594 0.320313 0.234375 2
0.121094 0.414063 0.183594 2
0.253906 0.441406 0.238281 2
0.113281 0.304688 0.191406 2
0.277344 0.425781 0.28125 2
0.367188 0.550781 0.347656 2
0.00390625 0.121094 0.0273438 2
0.144531 0.199219 0.148438 2
0.140625 0.363281 0.226563 2
0.015625 0.265625 0.171875 2
0.539063 0.488281 0.355469 2
0.554688 0.636719 0.507813 2
0.226563 0.394531 0.277344 2
0.175781 0.355469 0.210938 2
0.210938 0.378906 0.261719 2
0.183594 0.359375 0.269531 2
0.15625 0.371094 0.21875 2
0.148438 0.359375 0.164063 2
0.15625 0.414063 0.265625 2
0.105469 0.304688 0.136719 2
0.0625 0.144531 0.0859375 2
0.167969 0.382813 0.226563 2
0.210938 0.367188 0.261719 2
0.351563 0.492188 0.304688 2
0.28125 0.484375 0.296875 2
0.1875 0.390625 0.238281 2
0.222656 0.398438 0.238281 2
0.125 0.351563 0.15625 2
0.207031 0.378906 0.238281 2
0.175781 0.363281 0.214844 2
0.0234375 0.261719 0.03125 2
0.414063 0.488281 0.363281 2
0.425781 0.523438 0.371094 2
0.0585938 0.269531 0.128906 2
0.203125 0.417969 0.253906 2
0.21875 0.363281 0.234375 2
0.183594 0.3125 0.191406 2
0.15625 0.328125 0.199219 2
0.144531 0.398438 0.242188 2
0.171875 0.371094 0.203125 2
0.164063 0.40625 0.214844 2
0.191406 0.363281 0.234375 2
0.148438 0.328125 0.1875 2
0.230469 0.382813 0.277344 2
0.15625 0.347656 0.234375 2
0.148438 0.429688 0.273438 2
0.269531 0.378906 0.28125 2
0.140625 0.1875 0.148438 2
0.0820313 0.332031 0.230469 2
0.425781 0.585938 0.460938 2
0.324219 0.464844 0.316406 2
0.296875 0.449219 0.328125 2
0.550781 0.636719 0.488281 2
0.210938 0.285156 0.160156 2
0.230469 0.402344 0.265625 2
0.199219 0.390625 0.214844 2
0.183594 0.363281 0.21875 2
0.234375 0.378906 0.21875 2
0.140625 0.367188 0.21875 2
0.433594 0.488281 0.386719 2
0.195313 0.402344 0.230469 2
0.101563 0.265625 0.25 2
0.269531 0.511719 0.265625 2
0.25 0.355469 0.195313 2
0.160156 0.367188 0.25 2
0.183594 0.378906 0.242188 2
0.457031 0.480469 0.308594 2
0.359375 0.425781 0.285156 2
0.03125 0.355469 0.175781 2
0.261719 0.457031 0.257813 2
0.539063 0.5 0.394531 2
0.214844 0.480469 0.335938 2
0.460938 0.515625 0.414063 2
0.625 0.628906 0.566406 2
0.339844 0.464844 0.3125 2
0.285156 0.414063 0.292969 2
0.21875 0.410156 0.234375 2
0.214844 0.421875 0.257813 2
0.199219 0.390625 0.214844 2
0.210938 0.351563 0.25 2
0.246094 0.257813 0.214844 2
0.21875 0.324219 0.148438 2
0.214844 0.265625 0.238281 2
0.40625 0.457031 0.386719 2
0.144531 0.351563 0.140625 2
0.214844 0.390625 0.261719 2
0.269531 0.425781 0.292969 2
0.542969 0.496094 0.449219 2
0.128906 0.300781 0.160156 2
0.230469 0.421875 0.246094 2
0.175781 0.316406 0.167969 2
0.378906 0.480469 0.34375 2
0.289063 0.496094 0.316406 2
0.355469 0.496094 0.355469 2
0.230469 0.417969 0.253906 2
0.191406 0.414063 0.246094 2
0.285156 0.445313 0.3125 2
0.132813 0.394531 0.195313 2
0.222656 0.378906 0.234375 2
0.183594 0.34375 0.226563 2
0.164063 0.230469 0.199219 2
0.175781 0.382813 0.179688 2
0.164063 0.402344 0.230469 2
0.222656 0.421875 0.261719 2
0.464844 0.433594 0.425781 2
0.503906 0.617188 0.496094 2
0.164063 0.441406 0.269531 2
0.308594 0.410156 0.265625 2
0.363281 0.445313 0.292969 2
0.0585938 0.402344 0.167969 2
0.300781 0.425781 0.335938 2
0.152344 0.292969 0.238281 2
0.199219 0.402344 0.261719 2
0.285156 0.417969 0.28125 2
0.09375 0.214844 0.152344 2
0.339844 0.40625 0.273438 2
0.386719 0.488281 0.390625 2
0.488281 0.449219 0.402344 2
0.390625 0.453125 0.351563 2
0.15625 0.378906 0.242188 2
0.175781 0.390625 0.226563 2
0.191406 0.402344 0.199219 2
0.195313 0.375 0.191406 2
0.246094 0.417969 0.28125 2
0.136719 0.351563 0.238281 2
0.160156 0.0976563 0.101563 2
0.398438 0.363281 0.335938 2
0.214844 0.445313 0.273438 2
0.164063 0.371094 0.207031 2
0.113281 0.25 0.15625 2
0.164063 0.355469 0.230469 2
0.148438 0.367188 0.230469 2
0.195313 0.363281 0.253906 2
0.285156 0.40625 0.273438 2
0.289063 0.394531 0.273438 2
0.183594 0.402344 0.265625 2
0.445313 0.488281 0.324219 2
0.359375 0.429688 0.328125 2
0.515625 0.550781 0.445313 2
0.304688 0.308594 0.246094 2
0.03125 0.320313 0.121094 2
0.214844 0.402344 0.253906 2
0.160156 0.242188 0.175781 2
0.195313 0.40625 0.28125 2
0.199219 0.378906 0.234375 2
0.1875 0.332031 0.203125 2
0.175781 0.335938 0.179688 2
0 0.15625 0 2
0.273438 0.308594 0.242188 2
0.550781 0.59375 0.53125 2
0.390625 0.402344 0.28125 2
0.0664063 0.390625 0.21875 2
0.191406 0.375 0.210938 2
0.179688 0.363281 0.148438 2
0.242188 0.300781 0.179688 2
0.222656 0.34375 0.21875 2
0.207031 0.347656 0.238281 2
0.0859375 0.328125 0.175781 2
0.0976563 0.226563 0.113281 2
0.355469 0.375 0.257813 2
0.253906 0.429688 0.261719 2
0.222656 0.425781 0.273438 2
0.207031 0.382813 0.253906 2
0.109375 0.371094 0.203125 2
0.199219 0.3125 0.226563 2
0.0078125 0.0390625 0 2
0.3125 0.464844 0.25 2
0.378906 0.554688 0.332031 2
0.15625 0.371094 0.207031 2
0.183594 0.304688 0.183594 2
0.304688 0.417969 0.300781 2
0.242188 0.355469 0.285156 2
0.253906 0.390625 0.273438 2
0.0195313 0.226563 0.109375 2
0.207031 0.375 0.265625 2
0.253906 0.433594 0.28125 2
0.199219 0.347656 0.25 2
0.144531 0.171875 0.101563 2
0.195313 0.320313 0.226563 2
0.308594 0.414063 0.246094 2
0.140625 0.34375 0.195313 2
0.339844 0.460938 0.328125 2
0.273438 0.453125 0.269531 2
0.199219 0.355469 0.21875 2
0.0546875 0.324219 0.152344 2
0.261719 0.367188 0.230469 2
0.214844 0.398438 0.226563 2
0.125 0.394531 0.21875 2
0.265625 0.378906 0.261719 2
0.261719 0.390625 0.269531 2
0.285156 0.382813 0.296875 2
0.21875 0.328125 0.179688 2
0.15625 0.375 0.222656 2
0.316406 0.371094 0.28125 2
0.550781 0.582031 0.488281 2
0.101563 0.316406 0.191406 2
0.246094 0.441406 0.304688 2
0.25 0.433594 0.253906 2
0.191406 0.394531 0.242188 2
0.171875 0.332031 0.167969 2
0.113281 0.339844 0.179688 2
0.15625 0.359375 0.210938 2
0.144531 0.3125 0.144531 2
0.191406 0.277344 0.195313 2
0.160156 0.332031 0.195313 2
0.144531 0.367188 0.207031 2
0.179688 0.402344 0.226563 2
0.179688 0.421875 0.261719 2
0.0976563 0.222656 0.164063 2
0.0390625 0.0390625 0.03125 2
0.203125 0.316406 0.238281 2
0.0546875 0.320313 0.167969 2
0.0234375 0.257813 0.125 2
0.25 0.375 0.222656 2
0.0859375 0.308594 0.148438 2
0.417969 0.328125 0.265625 2
0.445313 0.523438 0.378906 2
0.191406 0.394531 0.242188 2
0.238281 0.355469 0.253906 2
0.242188 0.445313 0.296875 2
0.140625 0.40625 0.253906 2
0.191406 0.386719 0.238281 2
0.167969 0.367188 0.207031 2
0.175781 0.34375 0.234375 2
0.300781 0.382813 0.253906 2
0.210938 0.417969 0.246094 2
0.121094 0.355469 0.152344 2
0.261719 0.375 0.253906 2
0.207031 0.359375 0.253906 2
0.183594 0.386719 0.234375 2
0.144531 0.363281 0.210938 2
0.214844 0.417969 0.269531 2
0.226563 0.414063 0.226563 2
0.226563 0.335938 0.238281 2
0.0546875 0.230469 0.117188 2
0.144531 0.375 0.203125 2
0.0234375 0.140625 0.0390625 2
0.203125 0.207031 0.152344 2
0.210938 0.347656 0.222656 2
0.0351563 0.304688 0.183594 2
0.148438 0.386719 0.226563 2
0.242188 0.398438 0.261719 2
0.195313 0.386719 0.261719 2
0.179688 0.398438 0.214844 2
0.203125 0.339844 0.210938 2
0.195313 0.367188 0.238281 2
0.210938 0.441406 0.230469 2
0.1875 0.414063 0.253906 2
0.144531 0.246094 0.109375 2
0.171875 0.363281 0.179688 2
0.207031 0.425781 0.25 2
0.210938 0.457031 0.25 2
0.214844 0.453125 0.230469 2
0.253906 0.402344 0.25 2
0.191406 0.410156 0.21875 2
0.292969 0.476563 0.304688 2
0.21875 0.457031 0.292969 2
0.175781 0.324219 0.164063 2
0.0742188 0.289063 0.164063 2
0.132813 0.347656 0.226563 2
0.300781 0.441406 0.253906 2
0.214844 0.390625 0.222656 2
0.265625 0.429688 0.289063 2
0.210938 0.398438 0.242188 2
