Image TV0v7 - (60 130 - 75 140) : 2 - (200 100 - 210 115) : 2 - (160 200 - 175 220) : 0 - (40 30 - 55 50) : 1
3
3
0.0664063 0.105469 0.109375 2
0.0664063 0.105469 0.109375 2
0.0664063 0.105469 0.109375 2
0.0703125 0.117188 0.117188 2
0.0703125 0.117188 0.117188 2
0.0703125 0.117188 0.117188 2
0.0664063 0.113281 0.113281 2
0.0703125 0.117188 0.109375 2
0.0703125 0.117188 0.109375 2
0.0703125 0.117188 0.117188 2
0.0664063 0.113281 0.113281 2
0.0703125 0.109375 0.113281 2
0.0742188 0.113281 0.117188 2
0.0742188 0.113281 0.117188 2
0.0703125 0.117188 0.117188 2
0.0703125 0.117188 0.117188 2
0.0703125 0.117188 0.117188 2
0.0703125 0.117188 0.117188 2
0.0703125 0.117188 0.109375 2
0.0703125 0.117188 0.109375 2
0.0703125 0.117188 0.117188 2
0.0664063 0.113281 0.113281 2
0.0742188 0.113281 0.117188 2
0.078125 0.117188 0.121094 2
0.078125 0.117188 0.121094 2
0.0703125 0.117188 0.117188 2
0.0703125 0.117188 0.117188 2
0.0742188 0.121094 0.121094 2
0.0742188 0.121094 0.113281 2
0.0703125 0.117188 0.109375 2
0.0742188 0.121094 0.113281 2
0.0703125 0.117188 0.117188 2
0.0703125 0.117188 0.117188 2
0.0742188 0.113281 0.117188 2
0.0742188 0.113281 0.117188 2
0.078125 0.117188 0.121094 2
0.0742188 0.121094 0.121094 2
0.0742188 0.121094 0.121094 2
0.0742188 0.121094 0.113281 2
0.078125 0.125 0.117188 2
0.078125 0.125 0.117188 2
0.078125 0.125 0.117188 2
0.0742188 0.121094 0.121094 2
0.0664063 0.113281 0.113281 2
0.0703125 0.109375 0.113281 2
0.0703125 0.109375 0.113281 2
0.0742188 0.113281 0.117188 2
0.0742188 0.121094 0.121094 2
0.078125 0.125 0.117188 2
0.078125 0.125 0.117188 2
0.078125 0.125 0.117188 2
0.0859375 0.132813 0.125 2
0.0820313 0.128906 0.121094 2
0.0742188 0.121094 0.121094 2
0.0664063 0.113281 0.113281 2
0.0898438 0.136719 0.121094 2
0.0625 0.121094 0.101563 2
0.0546875 0.113281 0.09375 2
0.0585938 0.117188 0.105469 2
0.0625 0.121094 0.109375 2
0.0703125 0.128906 0.117188 2
0.0859375 0.144531 0.132813 2
0.101563 0.164063 0.152344 2
0.0820313 0.144531 0.132813 2
0.0742188 0.132813 0.121094 2
0.078125 0.125 0.117188 2
0.0898438 0.136719 0.121094 2
0.0859375 0.144531 0.125 2
0.0820313 0.140625 0.121094 2
0.0820313 0.140625 0.128906 2
0.0820313 0.140625 0.128906 2
0.0742188 0.132813 0.121094 2
0.0742188 0.132813 0.121094 2
0.078125 0.140625 0.128906 2
0.0625 0.125 0.113281 2
0.0664063 0.125 0.113281 2
0.0820313 0.128906 0.121094 2
0.0859375 0.132813 0.125 2
0.0820313 0.140625 0.128906 2
0.078125 0.136719 0.125 2
0.0898438 0.148438 0.136719 2
0.0976563 0.15625 0.136719 2
0.0859375 0.144531 0.125 2
0.0703125 0.128906 0.109375 2
0.0664063 0.132813 0.109375 2
0.0664063 0.132813 0.109375 2
0.0742188 0.132813 0.121094 2
0.0820313 0.128906 0.121094 2
0.0859375 0.132813 0.125 2
0.0820313 0.140625 0.128906 2
0.0703125 0.128906 0.117188 2
0.0664063 0.125 0.113281 2
0.0703125 0.128906 0.109375 2
0.078125 0.136719 0.117188 2
0.0859375 0.144531 0.125 2
0.0898438 0.15625 0.132813 2
0.078125 0.136719 0.117188 2
0.0703125 0.128906 0.109375 2
0.078125 0.125 0.117188 2
0.0703125 0.117188 0.109375 2
0.0585938 0.117188 0.105469 2
0.0664063 0.125 0.113281 2
0.078125 0.136719 0.125 2
0.0703125 0.128906 0.109375 2
0.0625 0.121094 0.101563 2
0.0625 0.121094 0.101563 2
0.078125 0.144531 0.121094 2
0.0820313 0.140625 0.121094 2
0.0859375 0.144531 0.125 2
0.09375 0.140625 0.132813 2
0.0742188 0.121094 0.113281 2
0.0703125 0.128906 0.117188 2
0.078125 0.136719 0.125 2
0.0703125 0.128906 0.117188 2
0.0507813 0.109375 0.0976563 2
0.0546875 0.113281 0.101563 2
0.078125 0.136719 0.125 2
0.09375 0.152344 0.140625 2
0.0742188 0.132813 0.121094 2
0.0703125 0.117188 0.109375 2
0.078125 0.125 0.117188 2
0.0820313 0.128906 0.121094 2
0.0664063 0.125 0.113281 2
0.0664063 0.125 0.113281 2
0.0703125 0.128906 0.117188 2
0.0664063 0.125 0.113281 2
0.0703125 0.128906 0.117188 2
0.0820313 0.140625 0.128906 2
0.0859375 0.144531 0.132813 2
0.0703125 0.128906 0.117188 2
0.0742188 0.121094 0.113281 2
0.0742188 0.121094 0.113281 2
0.0859375 0.132813 0.125 2
0.0820313 0.140625 0.128906 2
0.0742188 0.132813 0.121094 2
0.0742188 0.132813 0.121094 2
0.0742188 0.132813 0.121094 2
0.078125 0.132813 0.132813 2
0.0820313 0.136719 0.136719 2
0.078125 0.132813 0.132813 2
0.0664063 0.121094 0.121094 2
0.0742188 0.121094 0.113281 2
0.0820313 0.128906 0.121094 2
0.0742188 0.136719 0.125 2
0.0742188 0.136719 0.125 2
0.078125 0.140625 0.128906 2
0.0820313 0.144531 0.132813 2
0.0820313 0.140625 0.128906 2
0.078125 0.136719 0.125 2
0.0742188 0.132813 0.121094 2
0.0703125 0.128906 0.117188 2
0.0742188 0.132813 0.121094 2
0.0742188 0.140625 0.117188 2
0.078125 0.144531 0.121094 2
0.0703125 0.132813 0.121094 2
0.0703125 0.132813 0.121094 2
0.0703125 0.132813 0.121094 2
0.078125 0.136719 0.125 2
0.0742188 0.132813 0.121094 2
0.0703125 0.128906 0.117188 2
0.0625 0.121094 0.109375 2
0.078125 0.136719 0.125 2
0.0820313 0.140625 0.128906 2
0.0898438 0.15625 0.132813 2
0.101563 0.167969 0.144531 2
0.078125 0.140625 0.128906 2
0.0742188 0.136719 0.125 2
0.0664063 0.128906 0.117188 2
0.078125 0.136719 0.125 2
0.0898438 0.148438 0.136719 2
0.0976563 0.15625 0.144531 2
0.0976563 0.15625 0.144531 2
0.09375 0.152344 0.140625 2
0.0859375 0.144531 0.132813 2
0.0859375 0.144531 0.125 2
0.0859375 0.152344 0.128906 2
0.046875 0.078125 0.0351563 2
0.046875 0.078125 0.0351563 2
0.046875 0.078125 0.0351563 2
0.046875 0.078125 0.0351563 2
0.046875 0.078125 0.0351563 2
0.046875 0.078125 0.0351563 2
0.046875 0.078125 0.0351563 2
0.046875 0.078125 0.0351563 2
0.046875 0.078125 0.0351563 2
0.046875 0.078125 0.0351563 2
0.046875 0.078125 0.0351563 2
0.046875 0.078125 0.0351563 2
0.046875 0.078125 0.0351563 2
0.046875 0.078125 0.0351563 2
0.046875 0.078125 0.0351563 2
0.046875 0.078125 0.0351563 2
0.046875 0.078125 0.0351563 2
0.046875 0.078125 0.0351563 2
0.046875 0.078125 0.0351563 2
0.046875 0.078125 0.0351563 2
0.046875 0.078125 0.0351563 2
0.046875 0.078125 0.0351563 2
0.046875 0.078125 0.0351563 2
0.046875 0.078125 0.0351563 2
0.046875 0.078125 0.0351563 2
0.046875 0.078125 0.0351563 2
0.046875 0.078125 0.0351563 2
0.046875 0.078125 0.0351563 2
0.046875 0.078125 0.0351563 2
0.046875 0.078125 0.0351563 2
0.046875 0.078125 0.0351563 2
0.046875 0.078125 0.0351563 2
0.046875 0.078125 0.0351563 2
0.046875 0.078125 0.0351563 2
0.046875 0.078125 0.0351563 2
0.046875 0.078125 0.0351563 2
0.046875 0.078125 0.0351563 2
0.046875 0.078125 0.0351563 2
0.046875 0.078125 0.0351563 2
0.046875 0.078125 0.0351563 2
0.046875 0.078125 0.0351563 2
0.046875 0.078125 0.0351563 2
0.046875 0.078125 0.0351563 2
0.046875 0.078125 0.0351563 2
0.046875 0.078125 0.0351563 2
0.046875 0.078125 0.0351563 2
0.046875 0.078125 0.0351563 2
0.046875 0.078125 0.0351563 2
0.046875 0.078125 0.0351563 2
0.046875 0.078125 0.0351563 2
0.046875 0.078125 0.0351563 2
0.046875 0.078125 0.0351563 2
0.046875 0.078125 0.0351563 2
0.046875 0.078125 0.0351563 2
0.046875 0.078125 0.0351563 2
0.046875 0.078125 0.0351563 2
0.046875 0.078125 0.0351563 2
0.046875 0.078125 0.0351563 2
0.046875 0.078125 0.0351563 2
0.046875 0.078125 0.0351563 2
0.046875 0.078125 0.0351563 2
0.046875 0.078125 0.0351563 2
0.046875 0.078125 0.0351563 2
0.046875 0.078125 0.0351563 2
0.046875 0.078125 0.0351563 2
0.046875 0.078125 0.0351563 2
0.046875 0.078125 0.0351563 2
0.046875 0.078125 0.0351563 2
0.046875 0.078125 0.0351563 2
0.046875 0.078125 0.0351563 2
0.046875 0.078125 0.0351563 2
0.046875 0.078125 0.0351563 2
0.046875 0.078125 0.0351563 2
0.046875 0.078125 0.0351563 2
0.046875 0.078125 0.0351563 2
0.046875 0.078125 0.0351563 2
0.046875 0.078125 0.0351563 2
0.046875 0.078125 0.0351563 2
0.046875 0.078125 0.0351563 2
0.046875 0.078125 0.0351563 2
0.046875 0.078125 0.0351563 2
0.046875 0.078125 0.0351563 2
0.046875 0.078125 0.0351563 2
0.046875 0.078125 0.0351563 2
0.046875 0.078125 0.0351563 2
0.046875 0.078125 0.0351563 2
0.046875 0.078125 0.0351563 2
0.046875 0.078125 0.0351563 2
0.046875 0.078125 0.0351563 2
0.046875 0.078125 0.0351563 2
0.046875 0.078125 0.0351563 2
0.046875 0.078125 0.0351563 2
0.046875 0.078125 0.0351563 2
0.046875 0.078125 0.0351563 2
0.046875 0.078125 0.0351563 2
0.046875 0.078125 0.0351563 2
0.046875 0.078125 0.0351563 2
0.046875 0.078125 0.0351563 2
0.046875 0.078125 0.0351563 2
0.046875 0.078125 0.0351563 2
0.046875 0.078125 0.0351563 2
0.046875 0.078125 0.0351563 2
0.046875 0.078125 0.0351563 2
0.046875 0.078125 0.0351563 2
0.046875 0.078125 0.0351563 2
0.046875 0.078125 0.0351563 2
0.046875 0.078125 0.0351563 2
0.046875 0.078125 0.0351563 2
0.046875 0.078125 0.0351563 2
0.046875 0.078125 0.0351563 2
0.046875 0.078125 0.0351563 2
0.046875 0.078125 0.0351563 2
0.046875 0.078125 0.0351563 2
0.046875 0.078125 0.0351563 2
0.046875 0.078125 0.0351563 2
0.046875 0.078125 0.0351563 2
0.046875 0.078125 0.0351563 2
0.046875 0.078125 0.0351563 2
0.046875 0.078125 0.0351563 2
0.046875 0.078125 0.0351563 2
0.046875 0.078125 0.0351563 2
0.046875 0.078125 0.0351563 2
0.046875 0.078125 0.0351563 2
0.046875 0.078125 0.0351563 2
0.046875 0.078125 0.0351563 2
0.046875 0.078125 0.0351563 2
0.046875 0.078125 0.0351563 2
0.046875 0.078125 0.0351563 2
0.046875 0.078125 0.0351563 2
0.046875 0.078125 0.0351563 2
0.046875 0.078125 0.0351563 2
0.046875 0.078125 0.0351563 2
0.046875 0.078125 0.0351563 2
0.046875 0.078125 0.0351563 2
0.046875 0.078125 0.0351563 2
0.046875 0.078125 0.0351563 2
0.046875 0.078125 0.0351563 2
0.046875 0.078125 0.0351563 2
0.046875 0.078125 0.0351563 2
0.046875 0.078125 0.0351563 2
0.046875 0.078125 0.0351563 2
0.046875 0.078125 0.0351563 2
0.046875 0.078125 0.0351563 2
0.046875 0.078125 0.0351563 2
0.046875 0.078125 0.0351563 2
0.046875 0.078125 0.0351563 2
0.046875 0.078125 0.0351563 2
0.046875 0.078125 0.0351563 2
0.046875 0.078125 0.0351563 2
0.046875 0.078125 0.0351563 2
0.046875 0.078125 0.0351563 2
0.046875 0.078125 0.0351563 2
0.046875 0.078125 0.0351563 2
0.046875 0.078125 0.0351563 2
0.046875 0.078125 0.0351563 2
0.046875 0.078125 0.0351563 2
0.046875 0.078125 0.0351563 2
0.046875 0.078125 0.0351563 2
0.046875 0.078125 0.0351563 2
0.046875 0.078125 0.0351563 2
0.046875 0.078125 0.0351563 2
0.046875 0.078125 0.0351563 2
0.046875 0.078125 0.0351563 2
0.046875 0.078125 0.0351563 2
0.046875 0.078125 0.0351563 2
0.046875 0.078125 0.0351563 2
0.046875 0.078125 0.0351563 2
0.046875 0.078125 0.0351563 2
0.046875 0.078125 0.0351563 2
0.046875 0.078125 0.0351563 2
0.046875 0.078125 0.0351563 2
0.046875 0.078125 0.0351563 2
0.046875 0.078125 0.0351563 2
0.046875 0.078125 0.0351563 2
0.046875 0.078125 0.0351563 2
0.046875 0.078125 0.0351563 2
0.652344 0.691406 0.65625 0
0.660156 0.664063 0.644531 0
0.664063 0.632813 0.625 0
0.445313 0.496094 0.46875 0
0.660156 0.601563 0.613281 0
0.421875 0.375 0.375 0
0 0.015625 0 0
0.734375 0.675781 0.65625 0
0.839844 0.800781 0.761719 0
0.328125 0.3125 0.308594 0
0.5 0.5 0.453125 0
0.609375 0.5625 0.5 0
0.519531 0.503906 0.46875 0
0.21875 0.179688 0.0820313 0
0.347656 0.429688 0.410156 0
0.867188 0.824219 0.816406 0
0.773438 0.765625 0.785156 0
0.375 0.414063 0.316406 0
0.582031 0.582031 0.613281 0
0.601563 0.558594 0.582031 0
0.527344 0.488281 0.484375 0
0.710938 0.707031 0.699219 0
0.445313 0.472656 0.441406 0
0.808594 0.796875 0.738281 0
0.765625 0.753906 0.835938 0
0.429688 0.4375 0.417969 0
0.484375 0.492188 0.4375 0
0.335938 0.316406 0.339844 0
0.332031 0.285156 0.285156 0
0.507813 0.515625 0.433594 0
0.433594 0.378906 0.378906 0
0.671875 0.644531 0.613281 0
0.601563 0.648438 0.609375 0
0.410156 0.398438 0.332031 0
0.296875 0.246094 0.179688 0
0.34375 0.386719 0.324219 0
0.613281 0.621094 0.617188 0
0.691406 0.652344 0.648438 0
0.414063 0.472656 0.390625 0
0.917969 0.839844 0.882813 0
0.78125 0.789063 0.785156 0
0.546875 0.554688 0.5 0
0.46875 0.359375 0.445313 0
0.332031 0.367188 0.292969 0
0.625 0.628906 0.648438 0
0.652344 0.589844 0.640625 0
0.335938 0.347656 0.304688 0
0.902344 0.945313 0.914063 0
0.847656 0.828125 0.851563 0
0.285156 0.289063 0.234375 0
0.671875 0.632813 0.59375 0
0.464844 0.429688 0.433594 0
0.355469 0.410156 0.308594 0
0.75 0.734375 0.738281 0
0.429688 0.417969 0.398438 0
0.292969 0.277344 0.230469 0
0.00390625 0.15625 0 0
0.734375 0.71875 0.773438 0
0.910156 0.90625 0.925781 0
0.339844 0.367188 0.339844 0
0.863281 0.84375 0.859375 0
0.792969 0.777344 0.835938 0
0.542969 0.574219 0.53125 0
0.460938 0.460938 0.421875 0
0.34375 0.378906 0.296875 0
0.699219 0.664063 0.738281 0
0.65625 0.636719 0.621094 0
0.417969 0.425781 0.414063 0
0.816406 0.859375 0.804688 0
0.644531 0.65625 0.683594 0
0.355469 0.34375 0.285156 0
0.890625 0.867188 0.820313 0
0.382813 0.398438 0.339844 0
0.15625 0.152344 0.136719 0
0.652344 0.652344 0.660156 0
0.429688 0.433594 0.378906 0
0.351563 0.339844 0.273438 0
0 0.078125 0.0390625 0
0.5625 0.625 0.585938 0
0.859375 0.847656 0.890625 0
0.539063 0.503906 0.445313 0
0.835938 0.851563 0.863281 0
0.859375 0.839844 0.929688 0
0.582031 0.582031 0.535156 0
0.300781 0.339844 0.304688 0
0.351563 0.363281 0.289063 0
0.785156 0.738281 0.816406 0
0.691406 0.71875 0.742188 0
0.0546875 0.113281 0 0
0.617188 0.621094 0.691406 0
0.636719 0.636719 0.628906 0
0.527344 0.492188 0.433594 0
0.425781 0.4375 0.394531 0
0.160156 0.117188 0.140625 0
0.316406 0.34375 0.28125 0
0.5 0.515625 0.449219 0
0.703125 0.648438 0.636719 0
0.402344 0.378906 0.417969 0
0 0.0117188 0 0
0.9375 0.921875 0.980469 0
0.925781 0.941406 0.945313 0
0.417969 0.476563 0.394531 0
0.683594 0.71875 0.714844 0
0.511719 0.488281 0.535156 0
0.382813 0.347656 0.21875 0
0.871094 0.898438 0.867188 0
0.429688 0.414063 0.402344 0
0.734375 0.753906 0.738281 0
0.773438 0.769531 0.800781 0
0.296875 0.351563 0.285156 0
0.566406 0.597656 0.539063 0
0.773438 0.71875 0.777344 0
0.554688 0.554688 0.507813 0
0.167969 0.183594 0.117188 0
0.0585938 0.0195313 0.0546875 0
0.359375 0.441406 0.3125 0
0.601563 0.574219 0.542969 0
0.808594 0.808594 0.761719 0
0.480469 0.429688 0.496094 0
0 0.0078125 0.0195313 0
0.949219 0.890625 0.917969 0
0.902344 0.902344 0.933594 0
0.476563 0.472656 0.394531 0
0.222656 0.21875 0.148438 0
0.015625 0.00390625 0.0390625 0
0.378906 0.375 0.296875 0
0.890625 0.851563 0.886719 0
0.269531 0.296875 0.269531 0
0.34375 0.34375 0.335938 0
0.382813 0.359375 0.398438 0
0.457031 0.488281 0.398438 0
0.609375 0.636719 0.605469 0
0.753906 0.738281 0.796875 0
0.507813 0.5 0.441406 0
0.378906 0.382813 0.328125 0
0.351563 0.386719 0.3125 0
0.289063 0.335938 0.328125 0
0.554688 0.53125 0.46875 0
0.734375 0.765625 0.722656 0
0.285156 0.292969 0.339844 0
0 0.015625 0.0078125 0
0.664063 0.671875 0.667969 0
0.871094 0.847656 0.894531 0
0.0976563 0.160156 0.109375 0
0.597656 0.582031 0.570313 0
0.675781 0.648438 0.675781 0
0.0234375 0.101563 0 0
0.871094 0.882813 0.910156 0
0 0.03125 0.015625 0
0.015625 0 0 0
0.507813 0.515625 0.503906 0
0.519531 0.515625 0.496094 0
0.488281 0.496094 0.414063 0
0.769531 0.761719 0.816406 0
0.417969 0.382813 0.363281 0
0.363281 0.394531 0.3125 0
0.707031 0.671875 0.691406 0
0.269531 0.355469 0.203125 0
0.644531 0.609375 0.574219 0
0.695313 0.65625 0.652344 0
0.00390625 0.09375 0.148438 0
0.0273438 0.0664063 0.0234375 0
0.308594 0.292969 0.289063 0
0.53125 0.542969 0.578125 0
0.273438 0.351563 0.214844 0
0.9375 0.902344 0.921875 0
0.902344 0.894531 0.9375 0
0 0.0195313 0 0
0.871094 0.828125 0.84375 0
0 0.0078125 0 0
0.101563 0.121094 0.136719 0
0.382813 0.390625 0.386719 0
0.488281 0.519531 0.425781 0
0.742188 0.71875 0.734375 0
0.703125 0.621094 0.648438 0
0.429688 0.414063 0.410156 0
0.148438 0.195313 0.101563 0
0.515625 0.410156 0.429688 0
0.476563 0.503906 0.441406 0
0.617188 0.554688 0.464844 0
0.300781 0.332031 0.273438 0
0.0507813 0.0507813 0.144531 0
0.0625 0.0625 0.101563 0
0.03125 0.0117188 0 0
0.277344 0.300781 0.292969 0
0.203125 0.386719 0.207031 0
0.671875 0.660156 0.632813 0
0.75 0.777344 0.800781 0
0.417969 0.34375 0.351563 0
0.644531 0.617188 0.679688 0
0 0.00390625 0 0
0 0.00390625 0.0273438 0
0.667969 0.617188 0.582031 0
0.644531 0.617188 0.578125 0
0.429688 0.429688 0.390625 0
0 0 0 0
0.0234375 0.00390625 0.0195313 0
0.246094 0.238281 0.28125 0
0.101563 0.195313 0.09375 0
0.417969 0.421875 0.367188 0
0.589844 0.609375 0.523438 0
0.117188 0.273438 0.0703125 0
0 0 0.0429688 0
0.285156 0.296875 0.191406 0
0.390625 0.359375 0.449219 0
0.222656 0.207031 0.203125 0
0.386719 0.40625 0.328125 0
0.441406 0.441406 0.433594 0
0.246094 0.253906 0.199219 0
0.304688 0.324219 0.234375 0
0.644531 0.648438 0.664063 0
0.214844 0.230469 0.226563 0
0.335938 0.308594 0.277344 0
0.132813 0.15625 0.148438 0
0.582031 0.542969 0.503906 0
0.359375 0.382813 0.382813 0
0.046875 0.0664063 0.0429688 0
0.207031 0.199219 0.140625 0
0.300781 0.296875 0.289063 0
0.40625 0.429688 0.375 0
0.640625 0.597656 0.589844 0
0.59375 0.609375 0.472656 0
0.152344 0.234375 0.175781 0
0 0.0078125 0 0
0.285156 0.296875 0.269531 0
0.78125 0.796875 0.792969 0
0.699219 0.703125 0.722656 0
0.015625 0.1875 0.046875 0
0.292969 0.375 0.308594 0
0.304688 0.289063 0.246094 0
0.308594 0.253906 0.242188 0
0.195313 0.1875 0.207031 0
0.671875 0.667969 0.652344 0
0.816406 0.820313 0.800781 0
0.0117188 0 0 0
0.660156 0.671875 0.636719 0
0.601563 0.601563 0.632813 0
0.0390625 0.0546875 0 0
0.253906 0.265625 0.191406 0
0.15625 0.144531 0.078125 0
0.515625 0.476563 0.519531 0
0.59375 0.550781 0.535156 0
0.605469 0.605469 0.574219 0
0.160156 0.171875 0.144531 0
0.101563 0.109375 0.199219 0
0.00390625 0.0078125 0 0
0.800781 0.816406 0.828125 0
0.675781 0.671875 0.734375 0
0.339844 0.382813 0.265625 0
0.617188 0.644531 0.617188 0
0.0625 0.0820313 0.0585938 0
0.296875 0.304688 0.261719 0
0.804688 0.820313 0.816406 0
0.65625 0.644531 0.585938 0
0.757813 0.789063 0.832031 0
0.289063 0.246094 0.230469 0
0.761719 0.773438 0.730469 0
0.597656 0.597656 0.558594 0
0.316406 0.316406 0.324219 0
0.425781 0.425781 0.394531 0
0.269531 0.285156 0.179688 0
0.683594 0.667969 0.65625 0
0.734375 0.726563 0.667969 0
0.640625 0.671875 0.589844 0
0.382813 0.367188 0.332031 0
0.179688 0.203125 0.195313 0
0.0117188 0 0 0
0.804688 0.816406 0.734375 0
0.628906 0.605469 0.613281 0
0.625 0.589844 0.5625 0
0.734375 0.683594 0.660156 0
0.53125 0.480469 0.445313 0
0.617188 0.597656 0.582031 0
0.953125 0.90625 0.921875 0
0.902344 0.898438 0.929688 0
0.542969 0.550781 0.507813 0
0.292969 0.3125 0.226563 0
0.789063 0.703125 0.710938 0
0.652344 0.652344 0.652344 0
0.566406 0.550781 0.554688 0
0.628906 0.601563 0.527344 0
0.730469 0.757813 0.78125 0
0.589844 0.589844 0.550781 0
0.65625 0.65625 0.625 0
0.578125 0.617188 0.519531 0
0.652344 0.632813 0.621094 0
0.523438 0.5625 0.46875 0
0.015625 0 0.046875 0
0.480469 0.507813 0.386719 0
0.480469 0.464844 0.453125 0
0.679688 0.671875 0.613281 0
0.730469 0.691406 0.6875 0
0.566406 0.519531 0.527344 0
0.519531 0.503906 0.46875 0
0.0078125 0 0.0117188 0
0.0351563 0.0351563 0.0351563 0
0 0.0195313 0 0
0.324219 0.324219 0.285156 0
0.664063 0.636719 0.535156 0
0.625 0.609375 0.597656 0
0.503906 0.476563 0.503906 0
0.289063 0.261719 0.292969 0
0.371094 0.402344 0.410156 0
0.34375 0.324219 0.339844 0
0.601563 0.558594 0.574219 0
0.710938 0.707031 0.699219 0
0.496094 0.503906 0.460938 0
0.269531 0.285156 0.28125 0
0.132813 0.125 0.175781 0
0.324219 0.351563 0.320313 0
0 0.0078125 0.0078125 0
0.597656 0.601563 0.539063 0
0.46875 0.480469 0.414063 0
0.441406 0.445313 0.425781 0
0.546875 0.539063 0.582031 0
0.148438 0.144531 0.128906 0
0.113281 0.0976563 0.0859375 0
0 0.00390625 0 0
0.496094 0.492188 0.414063 0
0.253906 0.355469 0.21875 0
0.894531 0.871094 0.886719 0
0.992188 0.988281 0.980469 0
0.9375 0.964844 0.996094 0
0.90625 0.898438 0.910156 0
0.75 0.769531 0.753906 0
0.644531 0.589844 0.578125 0
0.617188 0.59375 0.539063 0
0.460938 0.511719 0.441406 0
0.0117188 0 0 0
0.324219 0.308594 0.3125 0
0.730469 0.746094 0.691406 0
0.796875 0.800781 0.808594 0
0.0195313 0.132813 0.015625 0
0.308594 0.339844 0.289063 0
0.949219 0.898438 0.933594 0
0.914063 0.84375 0.898438 0
0.230469 0.359375 0.253906 1
0.191406 0.441406 0.304688 1
0.179688 0.390625 0.195313 1
0.167969 0.347656 0.234375 1
0.179688 0.363281 0.191406 1
0.289063 0.460938 0.253906 1
0.1875 0.386719 0.21875 1
0.0898438 0.183594 0.132813 1
0 0.125 0.0429688 1
0.179688 0.375 0.226563 1
0.226563 0.457031 0.277344 1
0.1875 0.308594 0.175781 1
0 0.00390625 0 1
0.0859375 0.171875 0.0898438 1
0.589844 0.59375 0.460938 1
0.539063 0.46875 0.390625 1
0 0.1875 0.0234375 1
0.277344 0.46875 0.285156 1
0.296875 0.398438 0.285156 1
0.5 0.578125 0.386719 1
0.417969 0.496094 0.359375 1
0.253906 0.441406 0.285156 1
0.164063 0.367188 0.175781 1
0.261719 0.417969 0.273438 1
0.226563 0.410156 0.277344 1
0.214844 0.417969 0.230469 1
0.230469 0.335938 0.199219 1
0.160156 0.378906 0.234375 1
0.175781 0.484375 0.261719 1
0.324219 0.496094 0.304688 1
0.203125 0.335938 0.238281 1
0.230469 0.382813 0.269531 1
0.230469 0.464844 0.230469 1
0.214844 0.359375 0.191406 1
0.191406 0.363281 0.226563 1
0.429688 0.539063 0.390625 1
0.335938 0.433594 0.277344 1
0.109375 0.351563 0.191406 1
0.117188 0.359375 0.207031 1
0.09375 0.367188 0.121094 1
0.355469 0.476563 0.34375 1
0.414063 0.515625 0.339844 1
0.0976563 0.277344 0.136719 1
0.210938 0.402344 0.226563 1
0.28125 0.4375 0.304688 1
0.171875 0.398438 0.238281 1
0.1875 0.367188 0.1875 1
0.1875 0.339844 0.21875 1
0.175781 0.351563 0.191406 1
0.242188 0.230469 0.195313 1
0.527344 0.570313 0.507813 1
0.214844 0.351563 0.195313 1
0.046875 0.300781 0.136719 1
0.144531 0.363281 0.226563 1
0.191406 0.378906 0.230469 1
0.253906 0.425781 0.285156 1
0.535156 0.589844 0.488281 1
0.296875 0.402344 0.265625 1
0.0898438 0.371094 0.175781 1
0.171875 0.386719 0.234375 1
0.210938 0.324219 0.203125 1
0.394531 0.519531 0.375 1
0.5 0.585938 0.4375 1
0.265625 0.40625 0.296875 1
0.1875 0.351563 0.203125 1
0.175781 0.351563 0.230469 1
0.21875 0.480469 0.273438 1
0.179688 0.371094 0.289063 1
0.167969 0.382813 0.21875 1
0.121094 0.351563 0.171875 1
0.0976563 0.277344 0.167969 1
0.257813 0.222656 0.226563 1
0.183594 0.320313 0.234375 1
0.121094 0.414063 0.183594 1
0.253906 0.441406 0.238281 1
0.113281 0.304688 0.191406 1
0.277344 0.425781 0.28125 1
0.367188 0.550781 0.347656 1
0.00390625 0.121094 0.0273438 1
0.144531 0.199219 0.148438 1
0.140625 0.363281 0.226563 1
0.015625 0.265625 0.171875 1
0.539063 0.488281 0.355469 1
0.554688 0.636719 0.507813 1
0.226563 0.394531 0.277344 1
0.175781 0.355469 0.210938 1
0.210938 0.378906 0.261719 1
0.183594 0.359375 0.269531 1
0.15625 0.371094 0.21875 1
0.148438 0.359375 0.164063 1
0.15625 0.414063 0.265625 1
0.105469 0.304688 0.136719 1
0.0625 0.144531 0.0859375 1
0.167969 0.382813 0.226563 1
0.210938 0.367188 0.261719 1
0.351563 0.492188 0.304688 1
0.28125 0.484375 0.296875 1
0.1875 0.390625 0.238281 1
0.222656 0.398438 0.238281 1
0.125 0.351563 0.15625 1
0.207031 0.378906 0.238281 1
0.175781 0.363281 0.214844 1
0.0234375 0.261719 0.03125 1
0.414063 0.488281 0.363281 1
0.425781 0.523438 0.371094 1
0.0585938 0.269531 0.128906 1
0.203125 0.417969 0.253906 1
0.21875 0.363281 0.234375 1
0.183594 0.3125 0.191406 1
0.15625 0.328125 0.199219 1
0.144531 0.398438 0.242188 1
0.171875 0.371094 0.203125 1
0.164063 0.40625 0.214844 1
0.191406 0.363281 0.234375 1
0.148438 0.328125 0.1875 1
0.230469 0.382813 0.277344 1
0.15625 0.347656 0.234375 1
0.148438 0.429688 0.273438 1
0.269531 0.378906 0.28125 1
0.140625 0.1875 0.148438 1
0.0820313 0.332031 0.230469 1
0.425781 0.585938 0.460938 1
0.324219 0.464844 0.316406 1
0.296875 0.449219 0.328125 1
0.550781 0.636719 0.488281 1
0.210938 0.285156 0.160156 1
0.230469 0.402344 0.265625 1
0.199219 0.390625 0.214844 1
0.183594 0.363281 0.21875 1
0.234375 0.378906 0.21875 1
0.140625 0.367188 0.21875 1
0.433594 0.488281 0.386719 1
0.195313 0.402344 0.230469 1
0.101563 0.265625 0.25 1
0.269531 0.511719 0.265625 1
0.25 0.355469 0.195313 1
0.160156 0.367188 0.25 1
0.183594 0.378906 0.242188 1
0.457031 0.480469 0.308594 1
0.359375 0.425781 0.285156 1
0.03125 0.355469 0.175781 1
0.261719 0.457031 0.257813 1
0.539063 0.5 0.394531 1
0.214844 0.480469 0.335938 1
0.460938 0.515625 0.414063 1
0.625 0.628906 0.566406 1
0.339844 0.464844 0.3125 1
0.285156 0.414063 0.292969 1
0.21875 0.410156 0.234375 1
0.214844 0.421875 0.257813 1
0.199219 0.390625 0.214844 1
0.210938 0.351563 0.25 1
0.246094 0.257813 0.214844 1
0.21875 0.324219 0.148438 1
0.214844 0.265625 0.238281 1
0.40625 0.457031 0.386719 1
0.144531 0.351563 0.140625 1
0.214844 0.390625 0.261719 1
0.269531 0.425781 0.292969 1
0.542969 0.496094 0.449219 1
0.128906 0.300781 0.160156 1
0.230469 0.421875 0.246094 1
0.175781 0.316406 0.167969 1
0.378906 0.480469 0.34375 1
0.289063 0.496094 0.316406 1
0.355469 0.496094 0.355469 1
0.230469 0.417969 0.253906 1
0.191406 0.414063 0.246094 1
0.285156 0.445313 0.3125 1
0.132813 0.394531 0.195313 1
0.222656 0.378906 0.234375 1
0.183594 0.34375 0.226563 1
0.164063 0.230469 0.199219 1
0.175781 0.382813 0.179688 1
0.164063 0.402344 0.230469 1
0.222656 0.421875 0.261719 1
0.464844 0.433594 0.425781 1
0.503906 0.617188 0.496094 1
0.164063 0.441406 0.269531 1
0.308594 0.410156 0.265625 1
0.363281 0.445313 0.292969 1
0.0585938 0.402344 0.167969 1
0.300781 0.425781 0.335938 1
0.152344 0.292969 0.238281 1
0.199219 0.402344 0.261719 1
0.285156 0.417969 0.28125 1
0.09375 0.214844 0.152344 1
0.339844 0.40625 0.273438 1
0.386719 0.488281 0.390625 1
0.488281 0.449219 0.402344 1
0.390625 0.453125 0.351563 1
0.15625 0.378906 0.242188 1
0.175781 0.390625 0.226563 1
0.191406 0.402344 0.199219 1
0.195313 0.375 0.191406 1
0.246094 0.417969 0.28125 1
0.136719 0.351563 0.238281 1
0.160156 0.0976563 0.101563 1
0.398438 0.363281 0.335938 1
0.214844 0.445313 0.273438 1
0.164063 0.371094 0.207031 1
0.113281 0.25 0.15625 1
0.164063 0.355469 0.230469 1
0.148438 0.367188 0.230469 1
0.195313 0.363281 0.253906 1
0.285156 0.40625 0.273438 1
0.289063 0.394531 0.273438 1
0.183594 0.402344 0.265625 1
0.445313 0.488281 0.324219 1
0.359375 0.429688 0.328125 1
0.515625 0.550781 0.445313 1
0.304688 0.308594 0.246094 1
0.03125 0.320313 0.121094 1
0.214844 0.402344 0.253906 1
0.160156 0.242188 0.175781 1
0.195313 0.40625 0.28125 1
0.199219 0.378906 0.234375 1
0.1875 0.332031 0.203125 1
0.175781 0.335938 0.179688 1
0 0.15625 0 1
0.273438 0.308594 0.242188 1
0.550781 0.59375 0.53125 1
0.390625 0.402344 0.28125 1
0.0664063 0.390625 0.21875 1
0.191406 0.375 0.210938 1
0.179688 0.363281 0.148438 1
0.242188 0.300781 0.179688 1
0.222656 0.34375 0.21875 1
0.207031 0.347656 0.238281 1
0.0859375 0.328125 0.175781 1
0.0976563 0.226563 0.113281 1
0.355469 0.375 0.257813 1
0.253906 0.429688 0.261719 1
0.222656 0.425781 0.273438 1
0.207031 0.382813 0.253906 1
0.109375 0.371094 0.203125 1
0.199219 0.3125 0.226563 1
0.0078125 0.0390625 0 1
0.3125 0.464844 0.25 1
0.378906 0.554688 0.332031 1
0.15625 0.371094 0.207031 1
0.183594 0.304688 0.183594 1
0.304688 0.417969 0.300781 1
0.242188 0.355469 0.285156 1
0.253906 0.390625 0.273438 1
0.0195313 0.226563 0.109375 1
0.207031 0.375 0.265625 1
0.253906 0.433594 0.28125 1
0.199219 0.347656 0.25 1
0.144531 0.171875 0.101563 1
0.195313 0.320313 0.226563 1
0.308594 0.414063 0.246094 1
0.140625 0.34375 0.195313 1
0.339844 0.460938 0.328125 1
0.273438 0.453125 0.269531 1
0.199219 0.355469 0.21875 1
0.0546875 0.324219 0.152344 1
0.261719 0.367188 0.230469 1
0.214844 0.398438 0.226563 1
0.125 0.394531 0.21875 1
0.265625 0.378906 0.261719 1
0.261719 0.390625 0.269531 1
0.285156 0.382813 0.296875 1
0.21875 0.328125 0.179688 1
0.15625 0.375 0.222656 1
0.316406 0.371094 0.28125 1
0.550781 0.582031 0.488281 1
0.101563 0.316406 0.191406 1
0.246094 0.441406 0.304688 1
0.25 0.433594 0.253906 1
0.191406 0.394531 0.242188 1
0.171875 0.332031 0.167969 1
0.113281 0.339844 0.179688 1
0.15625 0.359375 0.210938 1
0.144531 0.3125 0.144531 1
0.191406 0.277344 0.195313 1
0.160156 0.332031 0.195313 1
0.144531 0.367188 0.207031 1
0.179688 0.402344 0.226563 1
0.179688 0.421875 0.261719 1
0.0976563 0.222656 0.164063 1
0.0390625 0.0390625 0.03125 1
0.203125 0.316406 0.238281 1
0.0546875 0.320313 0.167969 1
0.0234375 0.257813 0.125 1
0.25 0.375 0.222656 1
0.0859375 0.308594 0.148438 1
0.417969 0.328125 0.265625 1
0.445313 0.523438 0.378906 1
0.191406 0.394531 0.242188 1
0.238281 0.355469 0.253906 1
0.242188 0.445313 0.296875 1
0.140625 0.40625 0.253906 1
0.191406 0.386719 0.238281 1
0.167969 0.367188 0.207031 1
0.175781 0.34375 0.234375 1
0.300781 0.382813 0.253906 1
0.210938 0.417969 0.246094 1
0.121094 0.355469 0.152344 1
0.261719 0.375 0.253906 1
0.207031 0.359375 0.253906 1
0.183594 0.386719 0.234375 1
0.144531 0.363281 0.210938 1
0.214844 0.417969 0.269531 1
0.226563 0.414063 0.226563 1
0.226563 0.335938 0.238281 1
0.0546875 0.230469 0.117188 1
0.144531 0.375 0.203125 1
0.0234375 0.140625 0.0390625 1
0.203125 0.207031 0.152344 1
0.210938 0.347656 0.222656 1
0.0351563 0.304688 0.183594 1
0.148438 0.386719 0.226563 1
0.242188 0.398438 0.261719 1
0.195313 0.386719 0.261719 1
0.179688 0.398438 0.214844 1
0.203125 0.339844 0.210938 1
0.195313 0.367188 0.238281 1
0.210938 0.441406 0.230469 1
0.1875 0.414063 0.253906 1
0.144531 0.246094 0.109375 1
0.171875 0.363281 0.179688 1
0.207031 0.425781 0.25 1
0.210938 0.457031 0.25 1
0.214844 0.453125 0.230469 1
0.253906 0.402344 0.25 1
0.191406 0.410156 0.21875 1
0.292969 0.476563 0.304688 1
0.21875 0.457031 0.292969 1
0.175781 0.324219 0.164063 1
0.0742188 0.289063 0.164063 1
0.132813 0.347656 0.226563 1
0.300781 0.441406 0.253906 1
0.214844 0.390625 0.222656 1
0.265625 0.429688 0.289063 1
0.210938 0.398438 0.242188 1
